NODE,X,Y
2,0.49386269192570015,0.1903229871708286
3,0.4624616306997312,0.39128632667572144
7,0.561195271177536,0.5269519409464063
9,0.5271922713170712,0.31991998126733384
10,0.8063318415079399,0.6579039924977516
13,0.5841473560469175,0.3136124956739134
20,0.9293998395057977,0.22452854670701086
23,0.3090364632920793,0.4153568154217388
24,0.5556242394274636,0.6086768188190332
25,0.6472799751247574,0.7171045977732711
26,0.5372874443756368,0.14276120469148423
27,0.9589011867705814,0.11476169193349778
31,0.6275873266784476,0.2362040256214996
33,0.6185244519618937,0.5967945678242952
34,0.9615219134339784,0.11521456909438703
35,0.9796450298009737,0.4547529532962349
36,0.9757556166802616,0.7387120801639856
39,0.7112827756865947,0.19226211257832262
41,0.42357714712995886,0.22769360083999843
42,0.6868252481862094,0.3173845969814189
47,0.5511235425127538,0.3907381505237464
49,0.6403827461688794,0.6379273412456714
53,0.8702786264880575,0.7081342552383452
54,0.3839739894815803,0.14166600599549092
55,0.675187372765269,0.277594630541779
57,0.4706666026556633,0.4518443040970573
58,0.49581432763775457,0.5688482179983679
61,0.3582008061064945,0.24530777309772486
63,0.23401677174374022,0.24187971966436503
71,0.7492215955780065,0.48927377305548975
73,0.5597033837161777,0.16542791868205853
74,0.6298280749634152,0.14420431128304861
76,0.6065900044082666,0.17040066868029774
78,0.9349248837162243,0.38609159031488105
79,0.4509470897120415,0.6304395217358989
81,0.635430657892926,0.51114629935783
82,0.7813634507014597,0.27865880571566415
83,0.8266748340722789,0.31614056531383194
84,0.6596818644468091,0.45914176519729244
85,0.42325600891656606,0.5457513251661984
86,0.6297342812412066,0.7143136998344406
91,0.6426870512111265,0.17277741984456563
92,0.6606658295889286,0.32139617966866113
94,0.6396194329224459,0.5296093426124389
95,0.48523469784189016,0.10439427859104093
96,0.7952998125902258,0.5385842440532279
97,0.534677394408246,0.10420693472513773
98,0.8434977680881545,0.23867686976373434
101,0.6486051780072644,0.08991460302344159
103,0.4872063956714805,0.31041985701520486
104,0.7839364336615385,0.5843112270276837
105,0.3256120275861211,0.37981755977066745
109,0.7975979118923758,0.24152286551441743
111,0.3986050800074008,0.4374305601426411
115,0.8494738585333019,0.21520136851520935
116,0.46034406944514483,0.3127668289680531
117,0.7175153742414947,0.6079811536877467
125,0.9090209160736732,0.39359122414157505
128,0.5991062464890906,0.5528589667355303
131,0.7648410120970666,0.21599008040145481
136,0.29269780876281526,0.386402800454853
137,0.4887869560095622,0.4056611362317174
138,0.3980005804416028,0.3896748681248818
140,0.5413804539141679,0.4449280504750972
143,0.4925254413268844,0.15249263544907005
145,0.8089450536385596,0.317308887218514
148,0.6570853858039242,0.10449956694580029
149,0.5686701667916896,0.29577187082111767
150,0.7859102708506698,0.37159493938831933
151,0.6249213430664827,0.42304270766375784
152,0.5307744638616939,0.09524713291806292
153,0.9137198968334932,0.27537848988202024
155,0.5202763589479241,0.2618993580404447
158,0.7712107995995753,0.5301355156152653
160,0.4007687212719456,0.296999611388362
162,0.8440893820005086,0.16267609100611366
163,0.9027650015382098,0.18537333400864348
164,0.3459848496684421,0.33529129514877865
166,0.5233529990914155,0.3503784678449968
167,0.9890187536101652,0.4531533522312657
169,0.4855476871381155,0.6602586291614158
170,0.4204896558867992,0.6415876728461996
171,0.2454724011639179,0.34256540697447707
174,0.5360677787750271,0.406916933189743
177,0.9203558623359437,0.26327292121611084
179,0.9418235686409261,0.2687445553412031
180,0.9543799492885838,0.2276090233288335
183,0.34613375160920407,0.5362375300576367
187,0.605063712454145,0.5126227932251499
188,0.8551279195592366,0.674073255617239
189,0.3666224414322449,0.3415711197384483
190,0.39793233691265095,0.6555495880380658
192,0.8949670475100454,0.07974467140320397
193,0.7937589562816366,0.7407633938855845
194,0.904781843926166,0.7012623960727614
197,0.6947910774010075,0.4997029900092114
200,0.30419149914173893,0.31653913291665875
201,0.9747748848709732,0.7225334438495864
204,0.4530931572546455,0.47991068491100913
205,0.8824606974151379,0.3711503073768561
206,0.7549252866233485,0.26299718361610397
210,0.6555098206054093,0.19889936086826335
211,0.44287980661795245,0.48542365717748015
212,0.7522246788309783,0.07376248192640489
213,0.5933080051712878,0.23212311939862013
214,0.5487767383518023,0.5783194083106068
215,0.9711399892938174,0.24529167185988687
217,0.6474557668221338,0.4690962369534263
218,0.30309299583601906,0.4291441593420187
219,0.2695562774428813,0.332506322733608
223,0.9423667589339005,0.5809870372119041
224,0.30041951622653007,0.35960156039744956
226,0.32779756405834604,0.2586082910706597
227,0.7978861500394159,0.6135842270804092
228,0.5673362388041435,0.2677902050455697
229,0.4164654320674886,0.3673138533382633
231,0.717759442003904,0.3832568482562812
235,0.6389313622385452,0.5755604232111683
237,0.635987281585674,0.3280719636135745
238,0.8653690175629177,0.20120988508450427
243,0.612543011242278,0.09372214983185023
244,0.7458160533380467,0.1138095691715609
245,0.7210288303296057,0.20677610723062242
247,0.5711584555819349,0.11784550466295901
249,0.5160264919946064,0.10201513093076363
250,0.25592096957882465,0.26810238373209133
251,0.47322930376371053,0.6690336479794855
253,0.62616003744496,0.6447416543425157
255,0.9624622386259319,0.6389705980516374
256,0.292321573521804,0.2321848983700808
257,0.5999969908537418,0.6191041110548613
258,0.6544163377911685,0.22211303859778406
259,0.5791383124796101,0.19356777251851293
261,0.33488178987383627,0.46060246949587874
263,0.4810104995682771,0.5336588706001396
264,0.7154373793675128,0.685527934666087
267,0.44888291864205393,0.5018756078216563
269,0.8674219995931379,0.20856510837578277
271,0.40171658253155096,0.25219983333307033
274,0.4576151063727181,0.21150529988290703
277,0.803532546327615,0.5896912105891289
278,0.7535473816060596,0.5116420149889438
279,0.6964907294100012,0.44875282633039165
282,0.5147213300431938,0.2607330980649894
283,0.6022994876298663,0.6446223082323201
284,0.7183432308905157,0.597887661670652
285,0.5288547368838362,0.19016547404768305
291,0.24864801914507587,0.4101500422152252
292,0.5242703105738379,0.37784846269529143
293,0.900801126481399,0.5235349682189008
295,0.8281601019070981,0.7677673023004734
298,0.6000515599152925,0.16411345372559288
301,0.5736163196624753,0.6895584906398984
302,0.3351373953385066,0.4495650506234312
310,0.804600406221859,0.3610604964734103
311,0.7560498223668388,0.584058818954575
312,0.8284308043224995,0.28729099151863174
320,0.5279250377936315,0.10370468305695964
322,0.3732990473097165,0.5892394203167537
324,0.7617910555502102,0.3107937709763283
325,0.5540989267468341,0.12384597976122794
326,0.8652326520162301,0.3080964630945812
327,0.604824286917473,0.18200597454611125
328,0.9197486424178011,0.6464136301774589
332,0.7036740057269635,0.45095094071986186
334,0.5688176588393955,0.5672646418794283
336,0.6930255285667377,0.6560320550066793
337,0.6802623395079491,0.3824731437675529
338,0.3892275897824997,0.21676056233247734
340,0.7115985541304247,0.21120079094007357
343,0.6330566476301024,0.4834652159655356
344,0.9709515561752708,0.20138385719691157
349,0.8061056010086185,0.3667124278693519
351,0.3308197409374729,0.42252016385268615
353,0.23486705606626862,0.39418326388031555
355,0.5896636026714258,0.1285778628613867
356,0.5494762935557227,0.3023879299240033
358,0.36033532659206385,0.16246774252133783
359,0.5825464805689484,0.23032651341710128
361,0.4359815136163973,0.31754922556326637
365,0.9539520838541664,0.40968886910573965
368,0.3964639285913604,0.44826486284181105
369,0.6655350525797377,0.30371904333582117
370,0.8060447672493609,0.7529339775472284
373,0.9564718620112374,0.6871221179616211
374,0.7547191905972056,0.29696329172108943
375,0.6436433558331813,0.41189160591578877
376,0.44849338512121484,0.7692640885346383
377,0.45774496268845327,0.34945462868606875
379,0.40980051485539887,0.37196369042376015
381,0.4498366711558029,0.4576964344248645
382,0.9677020576876078,0.0911988280496182
383,0.5500158069250296,0.6750809402556396
386,0.2628258684104262,0.4488665453414972
389,0.5381700781358801,0.17036162931559645
390,0.42761359330415594,0.6939177896170406
391,0.5525637328031856,0.24590978154709905
392,0.46020929293526514,0.48031045792117083
393,0.8261131639743153,0.7482729539932221
394,0.5687430479138516,0.36639386562328435
395,0.9402309904697903,0.5859381047302347
396,0.882841537544785,0.4026972864801989
397,0.31464368877643273,0.4177121805827427
398,0.38423496257102663,0.47963732781540325
404,0.9121634483098275,0.3410411961559572
405,0.3867375966834374,0.309213321907806
407,0.3105057660587562,0.41895835601210657
409,0.9156420018606701,0.11416744074739847
410,0.2387008682505594,0.3792173284048509
411,0.3954341744580831,0.5248181427918667
414,0.4710968997875611,0.22756027207431181
416,0.2530310355352052,0.39455046330865945
418,0.5577027497179755,0.3787854142618525
419,0.9130950503739954,0.0786392743606965
422,0.9852043044123027,0.7120937001065234
426,0.5427905623231131,0.5698012966954419
429,0.6510922528670965,0.36224372759691975
432,0.5887202803427408,0.499424231435768
435,0.4132920836649997,0.54669998859947
436,0.7206964003884091,0.5588005430066519
437,0.4505484502232266,0.5171696587379234
443,0.32509975637320326,0.271090782080759
446,0.6419181875395276,0.12828612524824493
452,0.5565227508173298,0.738141517052428
456,0.6567460023998005,0.4199590857976641
457,0.9016520208368637,0.2552777348354878
459,0.25812187429924566,0.4248449113897157
462,0.6738776161382424,0.3992045545081192
464,0.43208376423381734,0.34983066416464587
468,0.4106413453502484,0.47024088146505183
470,0.9499363654053506,0.7409237412861966
472,0.6663077332196041,0.3245010846481141
473,0.862532891415316,0.7453379102245622
474,0.7044006246788296,0.3950530843416628
476,0.7135905367812706,0.3474110696658901
478,0.47968785891982607,0.6694365368825431
480,0.7715840909910581,0.12285677618858776
482,0.8312819124703363,0.16077608400605714
484,0.9197689408704476,0.23428748506561864
486,0.36699219833721225,0.5685735864578902
487,0.26128392732062683,0.44042293809623884
491,0.920724012183059,0.5909101866430978
492,0.26707088899358883,0.33614686294856044
493,0.5717850739680217,0.28845389778879604
494,0.8096762032198297,0.5792171655340242
495,0.7810001919332049,0.19177625514118476
496,0.28578982651531815,0.23483296741214618
497,0.838563388971227,0.22695194536616808
500,0.25997832614945493,0.33332782565831776
502,0.6602867280046637,0.08019695390159062
503,0.36785888094105773,0.39763954641721144
506,0.36064055270992207,0.5137736307177969
509,0.5741133683618012,0.1512474394567006
514,0.7606626764546723,0.6353938352166059
515,0.5880556323793931,0.43597547789925034
517,0.6807796379544702,0.602799392360378
520,0.5087087266557195,0.1659989509177686
521,0.5953022221674599,0.24189015374840098
524,0.5050682142925434,0.43392081337798466
526,0.5801594290831628,0.20407143584423423
527,0.42722397422766833,0.13939590360313064
528,0.3310217372295238,0.24228124149513322
530,0.48791410293008297,0.211372418007725
531,0.9383453873920388,0.48859435084087666
532,0.6104590615819592,0.21798144719027238
534,0.7023238901210379,0.5351532378754544
542,0.5464960691498234,0.2735924075999241
543,0.6964062282864724,0.6367692472148101
546,0.8761383987184519,0.12586205854302157
548,0.37733137604073314,0.420870850234558
549,0.4431957125827623,0.28962136795221943
550,0.7967197161139434,0.7678825981878638
551,0.5898261373339311,0.5648070634260549
554,0.7434753805849286,0.3648699845962708
555,0.7656941899456424,0.32874565766726116
556,0.9437875558286667,0.2589396340796966
558,0.283766338008979,0.4722892599515963
559,0.33806973300557636,0.47724131485239335
560,0.47939194373802135,0.38681244421972427
561,0.36838866345322807,0.4472204216946132
563,0.666647358277922,0.2858074769092758
564,0.7022168951079387,0.6731029636455225
565,0.6819282560365199,0.18889055357182702
567,0.36438909216515236,0.3642362440810793
568,0.5166012616202685,0.20284976614922595
571,0.5849907616439258,0.1769232423453741
573,0.6175224646602496,0.25700636413430056
574,0.41718851361245435,0.5708125217065846
578,0.6422792916164433,0.5935763044236108
588,0.3959699176735903,0.310685892689585
589,0.6951674468312817,0.45491546443264175
590,0.6230788001068557,0.4285893657524537
592,0.950006977653841,0.7515293949952311
594,0.6800069551917298,0.5392282464080289
596,0.9812035111755028,0.7315639234321916
598,0.7611914246581832,0.16957544245797482
599,0.542103027103948,0.7144686181529374
600,0.5187527368436708,0.7168915576243491
602,0.4725431584977679,0.6818167593625047
603,0.3380808540711034,0.2591685855486869
604,0.7388726973275669,0.25018454122684813
605,0.2524605247380058,0.22008455703775429
606,0.34328584538839496,0.5080605569248519
609,0.5110900834982914,0.44728828114008096
610,0.6354380648801288,0.4767293170787565
611,0.8079088054864059,0.4480290928441771
613,0.3489696663979467,0.43430809079688776
614,0.8289848865866731,0.1080099157290129
616,0.8789983710817957,0.37962780233777915
617,0.510250596719822,0.3413859586824288
618,0.9342117300581689,0.4135016052313187
620,0.5149166804720295,0.384735662082192
621,0.8980134522841497,0.5207900352043953
622,0.9276771067317684,0.5078334745758768
623,0.5301035060816648,0.35419840134129577
629,0.7103568977440985,0.4766250089012525
630,0.3796459258557762,0.368413313630643
631,0.3826074333744935,0.5268895024868935
632,0.7932078740255958,0.35419907000568474
635,0.44050976763526484,0.42705021753952377
637,0.725847988329713,0.20454268677174828
638,0.8941270825204974,0.07616395375647113
640,0.3726826601773765,0.4201861876803852
644,0.43241240437873,0.5024050150063517
645,0.5204789799294256,0.26527886858503386
646,0.5107966267156954,0.6798645817190494
647,0.589757685776003,0.28215135611914416
648,0.7734383718696999,0.22878102320552637
650,0.5227156623665643,0.13611816106174857
651,0.8386893005127174,0.6116999061940428
653,0.6599332949069064,0.2065178439923218
655,0.9680342362932366,0.1160800916353842
656,0.845958564102848,0.6372044291006503
657,0.29294558031416135,0.19227975169887154
664,0.3355576450094122,0.3818796582988704
665,0.4403278322653411,0.1061003856420054
667,0.8070528618643059,0.45459257352840143
669,0.7001070499820276,0.4700318879279664
670,0.6101838501100858,0.23864542811878203
671,0.4871367640563376,0.3339013267471092
672,0.7584344310252359,0.10861587696169349
674,0.8896033684571727,0.07494058007901497
676,0.4010788225287948,0.379039588784591
677,0.5353917928180901,0.3453310290095257
680,0.8913112321469977,0.39708589187599574
681,0.4171119388454309,0.37249569857058884
683,0.9033831535963398,0.740202025227035
684,0.47892351153496077,0.5827194629626238
688,0.23453371244627552,0.4479231920068145
689,0.5981769803465643,0.27692857582828534
690,0.8810282498577595,0.7307403553079344
694,0.8170243596329329,0.26509141516753304
695,0.657547077794652,0.5629138578673257
698,0.9198579952910954,0.3573511901426622
700,0.5954172134171838,0.4731675523140537
701,0.5089442322967784,0.6456088860568051
702,0.4006760661397975,0.5891123790706265
703,0.9361469565555481,0.6719451110969127
704,0.558540652900909,0.2429069207528339
705,0.8398312809364314,0.7131112590510206
707,0.30778666819777295,0.46244080055986475
708,0.5392533073149285,0.713135383415013
711,0.5793693552376231,0.20056471477152238
713,0.5460801999358906,0.13457996770663105
716,0.6934428258547466,0.7113526093910914
717,0.45272707000809054,0.6809673529871951
718,0.5253647040729962,0.09562595702531451
719,0.2361792722700112,0.23045690545318334
720,0.6541851098529512,0.3311100656478787
722,0.9348684744163756,0.723745970735729
723,0.3413346927223347,0.30726180348147225
727,0.25753548236123297,0.3547465448130726
728,0.5167065362879093,0.7476474317581985
729,0.2626324492152289,0.39912247884124524
731,0.6102969926334656,0.5008826502294199
732,0.33767807236863673,0.19299164155748685
733,0.46902584319007795,0.4738414154476363
735,0.5157820588189692,0.5378420624744646
743,0.26878497995129425,0.2537237995812314
746,0.42237921205168083,0.5332665258142628
747,0.4057238181204241,0.08447382793639928
749,0.5632240388696541,0.4856896058673519
751,0.5692920723721637,0.08809938479972042
753,0.9748722087540387,0.2016087857825715
754,0.38028121967452155,0.3051757828480297
755,0.8318923814499078,0.6257649754617306
761,0.7592382355948248,0.09400363242300494
762,0.9371035767748921,0.5249911652415067
763,0.7528221362624224,0.6117669279258644
765,0.8892864187364744,0.19873570111915767
766,0.26951643741203224,0.4298200759568821
769,0.7333934935594939,0.5173206896132002
770,0.31730769298887573,0.37388951056049324
774,0.2919914808714117,0.3381622619064782
775,0.3438045007015251,0.3272247443313178
776,0.5588194403924315,0.4098216543181033
777,0.7979700624016796,0.39279266447992434
778,0.9127885273285773,0.6521535670602453
784,0.804361394550529,0.6760710686901876
785,0.9551125480697302,0.41365435118120214
786,0.6979298453839252,0.6553013744540425
788,0.48640030294245445,0.27734918759290306
789,0.49745690242030494,0.3017275733557994
791,0.9183658345486786,0.26831122812676345
792,0.8997318246263077,0.19013606953776538
796,0.9385582681968561,0.6749745447787868
797,0.7232182778758602,0.5472628087603624
801,0.8371076430172756,0.1979523947155504
802,0.4868672685927102,0.09281147589944914
804,0.6380162122639281,0.7282075281301695
805,0.33266496179254584,0.4381463120469532
806,0.7639394275096067,0.32525753852774775
807,0.3911222143345839,0.3849352354616952
808,0.30403772280985836,0.22282691030996243
809,0.46418512290743835,0.10206784905412858
812,0.6351899948031824,0.3699790152378251
814,0.8631551413892972,0.7401375047095428
815,0.855685401894226,0.42069740394674954
816,0.5230856521756516,0.4383483506755449
817,0.8619996821174983,0.6818013585754915
819,0.4215930654158965,0.34367469462207595
822,0.39349134771723493,0.40597561667534526
823,0.48800739018645156,0.4846164130624554
826,0.7066279102287962,0.6095434871779438
828,0.793891325336077,0.4060300903801324
830,0.34346083852954834,0.1990881586069398
831,0.5103691276004276,0.3622699715923732
832,0.8894085376355997,0.43601622360488274
834,0.558237043499076,0.32657179560390204
835,0.37127695879049166,0.29157791699223656
841,0.7646154480218857,0.7354987361515526
842,0.9311429621625554,0.0778748088482218
845,0.4848277964459394,0.2835081235151699
846,0.585623775639089,0.5709450138218443
847,0.6377462920282504,0.6320458290219764
848,0.4497942512442429,0.7078764921088634
849,0.26721955323504903,0.45028173574286784
851,0.358594503619389,0.23156706406635574
852,0.6028825100732911,0.45411326702311067
853,0.6420020730493553,0.448144691131147
858,0.8849943924348165,0.19977520487632974
859,0.4368975056175051,0.546320141060457
861,0.44401709996994726,0.3761836968607868
863,0.7540592488553763,0.5902659026618067
864,0.9620734428548459,0.33981506378295084
865,0.8836707900639512,0.10192432772026369
867,0.6452014696363644,0.20997938141439515
868,0.5081860039885909,0.15122916237150866
870,0.36922323343856,0.4357131659301124
872,0.38945958707037587,0.22914613139708737
874,0.35959730873325,0.5156393775378871
875,0.5113775249508599,0.07755891626352733
876,0.3358546909428287,0.6065557984276104
877,0.6350377619332744,0.28966216597966726
880,0.27157909126013374,0.22579848273258948
881,0.5838358665450765,0.6464601885626728
883,0.5384593328945926,0.5273207836137203
884,0.9070965984825798,0.754719835368603
886,0.8035254582581806,0.6815825317389012
887,0.5037741832694549,0.5551434719564725
890,0.5756845487271982,0.5149229912387022
892,0.5820431646395434,0.08586043257674521
893,0.55268625300189,0.11666269159828013
894,0.6367509552440076,0.28928400211398614
895,0.6197343345927614,0.6900661900181125
898,0.8730505100881546,0.30665691074744167
900,0.5719575289805388,0.6038917346671948
901,0.6416274985542838,0.49464895904950407
903,0.3271900770667114,0.24967649982879475
905,0.6327378600963391,0.39844469727179865
907,0.4830043635080437,0.16416629586878648
908,0.4424015234679805,0.6301655306617205
909,0.6653012369598594,0.36751917575518317
912,0.7188304362624185,0.28222017929680665
913,0.7409256595775828,0.7520509125762104
914,0.9776905599961518,0.679230080412136
915,0.794275361213011,0.6374475487284678
916,0.4909637731630809,0.5602616961983166
917,0.8490141152696358,0.2557463180456615
919,0.4731504122639042,0.36088063654359226
922,0.5602957164528607,0.6806930029827175
925,0.7472658165239112,0.18415795078219216
927,0.4363354560301224,0.12433714443283717
929,0.468867513079589,0.44080955749855494
930,0.5398875481957062,0.683293169192794
935,0.9772046293594752,0.19326103554482726
937,0.4685934567635608,0.47040726833724156
939,0.9053018331534627,0.39563127668342585
941,0.3014250170472277,0.40306984556167863
942,0.7593926865206003,0.731322923784268
944,0.5370297543344504,0.7063955648623529
945,0.48600479579687594,0.37512490334225757
949,0.7745072741402255,0.5764946868058445
952,0.6454098435855868,0.1941649213983269
956,0.34684066442934247,0.1494311220148128
960,0.3789430912815455,0.6692453298699168
963,0.6292370404555295,0.19783135099162485
966,0.7140481181320268,0.6461920393353494
967,0.416384821166357,0.601512167353759
968,0.9501700282385683,0.47069124461945044
972,0.6814583037318666,0.1055510868864333
975,0.6602354440091698,0.2845529228684385
976,0.8804782243176067,0.6214163475697306
978,0.8722730157796049,0.32900226659855836
979,0.8277419808366495,0.15332489327897725
981,0.6118455659607737,0.6120623713274529
984,0.42986843570837285,0.1392678587843746
992,0.07032456013977062,0.53673888333968
993,0.7602004343309786,0.693607114506562
995,0.7077451326609604,0.34153190898801233
996,1.0,0.6701822340722677
998,0.1857101295072127,0.08506730365990638
999,0.6919676108446318,0.0
