NODE,X,Y
1,0.84025228463543,0.26733085408564405
2,0.49386269192570015,0.1903229871708286
3,0.4624616306997312,0.39128632667572144
8,0.9438638715570039,0.508969239871095
9,0.5271922713170712,0.31991998126733384
11,0.5463280770087712,0.11480531468951684
12,0.6373144014558247,0.24099248788288158
15,0.6632939012636634,0.5034905739248727
16,0.45407657419418895,0.6364921385908971
20,0.9293998395057977,0.22452854670701086
22,0.42309520600369155,0.12860364515325576
23,0.3090364632920793,0.4153568154217388
24,0.5556242394274636,0.6086768188190332
25,0.6472799751247574,0.7171045977732711
27,0.9589011867705814,0.11476169193349778
31,0.6275873266784476,0.2362040256214996
33,0.6185244519618937,0.5967945678242952
35,0.9796450298009737,0.4547529532962349
44,0.33719171787145813,0.4182300618408669
47,0.5511235425127538,0.3907381505237464
48,0.27649200884724245,0.24719729685946654
50,0.32423325712222595,0.36795517968309077
51,0.4530521515811854,0.5597457281720949
52,0.9384873799641102,0.3994310707386091
53,0.8702786264880575,0.7081342552383452
54,0.3839739894815803,0.14166600599549092
56,0.8399054835307272,0.33454377512858363
57,0.4706666026556633,0.4518443040970573
60,0.6360552923260463,0.5581250825765215
62,0.6003020901090239,0.39109105301453745
64,0.8681246780095112,0.2897671668414614
65,0.48426825072083707,0.2854116860920669
69,0.45203929022521466,0.15878006324666294
70,0.7931497116765043,0.3111130934948793
74,0.6298280749634152,0.14420431128304861
75,0.5029516224377262,0.4466103478595065
76,0.6065900044082666,0.17040066868029774
78,0.9349248837162243,0.38609159031488105
79,0.4509470897120415,0.6304395217358989
81,0.635430657892926,0.51114629935783
85,0.42325600891656606,0.5457513251661984
87,0.5290417115657593,0.12774559645022635
90,0.749791281193196,0.6145893117893728
94,0.6396194329224459,0.5296093426124389
96,0.7952998125902258,0.5385842440532279
97,0.534677394408246,0.10420693472513773
99,0.4758334967165289,0.48654416498208763
102,0.846679617075784,0.0723069181565242
105,0.3256120275861211,0.37981755977066745
107,0.7536548743465636,0.20188188372651353
108,0.7619773708363826,0.34973275455851416
111,0.3986050800074008,0.4374305601426411
112,0.396980001008627,0.46744699875812473
113,0.539268429527467,0.12436502864960305
117,0.7175153742414947,0.6079811536877467
120,0.7126796888268419,0.4670045134732974
123,0.46816760669284624,0.16895557209357231
126,0.37595230488537335,0.248849198841226
129,0.9052480552054455,0.7639697482806397
130,0.6111170662416726,0.2666774271632207
135,0.4077845538977377,0.46155622823422826
137,0.4887869560095622,0.4056611362317174
138,0.3980005804416028,0.3896748681248818
139,0.7884427453121954,0.5054512608675663
143,0.4925254413268844,0.15249263544907005
146,0.5522613147279488,0.3795903977399378
148,0.6570853858039242,0.10449956694580029
151,0.6249213430664827,0.42304270766375784
156,0.3004554578481967,0.35171142052386717
158,0.7712107995995753,0.5301355156152653
161,0.7637626514799485,0.5833994505415485
164,0.3459848496684421,0.33529129514877865
167,0.9890187536101652,0.4531533522312657
168,0.7913556057768019,0.6483869869387949
171,0.2454724011639179,0.34256540697447707
172,0.835795844558115,0.5452436012973267
173,0.8560607685401713,0.18761602572259295
175,0.9140678299346239,0.31843190431996815
176,0.7960397807128518,0.5378260537274999
177,0.9203558623359437,0.26327292121611084
180,0.9543799492885838,0.2276090233288335
184,0.391875279339366,0.3014818678522485
186,0.8968217159750373,0.7292663396984544
189,0.3666224414322449,0.3415711197384483
190,0.39793233691265095,0.6555495880380658
191,0.5936768255129415,0.35853678624077934
192,0.8949670475100454,0.07974467140320397
193,0.7937589562816366,0.7407633938855845
194,0.904781843926166,0.7012623960727614
198,0.7471473342735476,0.7341042419017483
199,0.6847733082049766,0.27153778674961887
201,0.9747748848709732,0.7225334438495864
202,0.552907791035145,0.21585441039290407
203,0.6401251098519113,0.15782262196628621
204,0.4530931572546455,0.47991068491100913
209,0.6888036040750711,0.31828930301974345
212,0.7522246788309783,0.07376248192640489
215,0.9711399892938174,0.24529167185988687
223,0.9423667589339005,0.5809870372119041
224,0.30041951622653007,0.35960156039744956
225,0.31536142523683053,0.2863071847992026
226,0.32779756405834604,0.2586082910706597
230,0.41714587375924045,0.12428295704533852
231,0.717759442003904,0.3832568482562812
232,0.23140481342013688,0.41382407852135517
234,0.5611884836413435,0.5261270326967358
236,0.8619377837405648,0.07097889879516568
238,0.8653690175629177,0.20120988508450427
243,0.612543011242278,0.09372214983185023
244,0.7458160533380467,0.1138095691715609
245,0.7210288303296057,0.20677610723062242
246,0.8315688999203577,0.7703825780145764
251,0.47322930376371053,0.6690336479794855
254,0.7716198716196818,0.09637171294310955
257,0.5999969908537418,0.6191041110548613
259,0.5791383124796101,0.19356777251851293
260,0.9651180667935054,0.1486590639103834
262,0.47060752302809883,0.18139992697507037
265,0.46646573327436197,0.475137673749793
268,0.7578703245404773,0.36934086156488266
269,0.8674219995931379,0.20856510837578277
271,0.40171658253155096,0.25219983333307033
272,0.4814264918991614,0.22141450540140892
275,0.516734832402071,0.12181319635000416
280,0.6574237963950742,0.1510566478559557
281,0.6730556086467693,0.4450142131523281
282,0.5147213300431938,0.2607330980649894
285,0.5288547368838362,0.19016547404768305
287,0.6288616232940625,0.12988530530590386
289,0.9732057986827071,0.39296597659671834
293,0.900801126481399,0.5235349682189008
295,0.8281601019070981,0.7677673023004734
296,0.638420239938007,0.33332797658259083
297,0.7144852214425479,0.24622004172751333
298,0.6000515599152925,0.16411345372559288
299,0.7754003899537806,0.19003152777430588
300,0.26704260725786194,0.3298505638199881
301,0.5736163196624753,0.6895584906398984
302,0.3351373953385066,0.4495650506234312
303,0.5636244515833474,0.25217473018755804
305,0.8079925122353879,0.6355204781400949
306,0.5306043284517619,0.15102022210264576
309,0.7912417548282402,0.2966214774842471
310,0.804600406221859,0.3610604964734103
311,0.7560498223668388,0.584058818954575
312,0.8284308043224995,0.28729099151863174
313,0.45554267282841326,0.7334708933772819
315,0.7864364080398109,0.3928040612012565
316,0.7353549775966188,0.7044257298024046
317,0.4656687421726035,0.3871830564582273
319,0.7661694389754364,0.41671184419150786
321,0.5090963875480697,0.4887813539142598
322,0.3732990473097165,0.5892394203167537
325,0.5540989267468341,0.12384597976122794
326,0.8652326520162301,0.3080964630945812
329,0.5786219541532045,0.38690617884754736
331,0.3538346967444262,0.2899546817307152
332,0.7036740057269635,0.45095094071986186
334,0.5688176588393955,0.5672646418794283
336,0.6930255285667377,0.6560320550066793
337,0.6802623395079491,0.3824731437675529
338,0.3892275897824997,0.21676056233247734
339,0.43376311151600255,0.3949989719574145
340,0.7115985541304247,0.21120079094007357
341,0.8759124387715718,0.44214954926477396
342,0.632448055130338,0.24111489884543175
343,0.6330566476301024,0.4834652159655356
344,0.9709515561752708,0.20138385719691157
345,0.33842753636880857,0.4548986385827931
346,0.3763079673191898,0.31659617321359124
347,0.4415139069866942,0.1263522975091385
348,0.44267143992421554,0.4373748626136005
349,0.8061056010086185,0.3667124278693519
362,0.40464079137089587,0.6257876628800972
363,0.24775858287136396,0.3187473456077019
365,0.9539520838541664,0.40968886910573965
368,0.3964639285913604,0.44826486284181105
369,0.6655350525797377,0.30371904333582117
371,0.7594188100923561,0.3352554989637311
372,0.36004780877664,0.5189063444923202
373,0.9564718620112374,0.6871221179616211
376,0.44849338512121484,0.7692640885346383
377,0.45774496268845327,0.34945462868606875
378,0.3490204573174664,0.6082211679420575
384,0.7984946352900684,0.616187330501676
386,0.2628258684104262,0.4488665453414972
393,0.8261131639743153,0.7482729539932221
395,0.9402309904697903,0.5859381047302347
400,0.3168307684493345,0.45511274530136286
403,0.8373720890793034,0.3234301900139818
407,0.3105057660587562,0.41895835601210657
410,0.2387008682505594,0.3792173284048509
413,0.5461757714786611,0.4041710689175572
414,0.4710968997875611,0.22756027207431181
415,0.34417813933490843,0.2005177475080156
416,0.2530310355352052,0.39455046330865945
418,0.5577027497179755,0.3787854142618525
420,0.494514181880739,0.15827464681472733
421,0.6470027059969604,0.5298393150224021
422,0.9852043044123027,0.7120937001065234
426,0.5427905623231131,0.5698012966954419
431,0.5134360968172375,0.691573825068132
432,0.5887202803427408,0.499424231435768
433,0.4054321113609346,0.4835762579532796
438,0.5909147662515623,0.48003509588632937
441,0.8809007786383514,0.38868205810516454
443,0.32509975637320326,0.271090782080759
444,0.42167220274935724,0.3797123619721523
445,0.5745894305042656,0.46363914219015195
446,0.6419181875395276,0.12828612524824493
447,0.5584801977855013,0.7205476762817986
448,0.7362146147188656,0.500406235323872
449,0.2546712098122437,0.43328520069039644
450,0.6362631502513804,0.2708707821180357
451,0.3589261749930956,0.5153459137127346
454,0.25225078797742606,0.47408477021249623
457,0.9016520208368637,0.2552777348354878
459,0.25812187429924566,0.4248449113897157
461,0.2559714346060027,0.22580865134699982
464,0.43208376423381734,0.34983066416464587
466,0.5330353826319865,0.6384528857289641
467,0.6189764741656595,0.3150274774475821
468,0.4106413453502484,0.47024088146505183
470,0.9499363654053506,0.7409237412861966
471,0.8052101866626089,0.3881005582420579
472,0.6663077332196041,0.3245010846481141
474,0.7044006246788296,0.3950530843416628
477,0.8523176154817742,0.25731598885273016
481,0.6146168895498654,0.46296867164975963
482,0.8312819124703363,0.16077608400605714
485,0.8259824343545253,0.26304691936951236
486,0.36699219833721225,0.5685735864578902
488,0.8565269429529323,0.6621218998365387
490,0.6941002839041116,0.6549224645416973
491,0.920724012183059,0.5909101866430978
493,0.5717850739680217,0.28845389778879604
494,0.8096762032198297,0.5792171655340242
500,0.25997832614945493,0.33332782565831776
503,0.36785888094105773,0.39763954641721144
504,0.5737635846468692,0.42140356269796264
507,0.5386819504528315,0.35106308923206225
508,0.6119430987203308,0.4873124865899998
509,0.5741133683618012,0.1512474394567006
511,0.5434596293934112,0.07573999633859538
512,0.98667774689612,0.5380604802757148
513,0.8344510973594074,0.6265347047393532
515,0.5880556323793931,0.43597547789925034
516,0.8086464582425406,0.2885048053449785
517,0.6807796379544702,0.602799392360378
519,0.5203852433227689,0.3686120629856997
526,0.5801594290831628,0.20407143584423423
527,0.42722397422766833,0.13939590360313064
528,0.3310217372295238,0.24228124149513322
529,0.9057750732149216,0.08633152100959436
530,0.48791410293008297,0.211372418007725
531,0.9383453873920388,0.48859435084087666
532,0.6104590615819592,0.21798144719027238
534,0.7023238901210379,0.5351532378754544
537,0.47222005017619106,0.4219513305226397
539,0.5037179581692961,0.289127212036387
540,0.5611874953602586,0.4185524246381787
541,0.9191887828200581,0.4066663142451939
543,0.6964062282864724,0.6367692472148101
544,0.6778615639160844,0.36433601155466716
545,0.2762949010924692,0.4369894322737991
549,0.4431957125827623,0.28962136795221943
551,0.5898261373339311,0.5648070634260549
553,0.605715663262343,0.21886922132593173
555,0.7656941899456424,0.32874565766726116
557,0.3857370104493155,0.4448920071691668
558,0.283766338008979,0.4722892599515963
559,0.33806973300557636,0.47724131485239335
561,0.36838866345322807,0.4472204216946132
564,0.7022168951079387,0.6731029636455225
568,0.5166012616202685,0.20284976614922595
570,0.8626930905141125,0.25618387652706476
572,0.8474021813798127,0.27952792538129945
573,0.6175224646602496,0.25700636413430056
574,0.41718851361245435,0.5708125217065846
577,0.7462634755195788,0.27322226948464695
578,0.6422792916164433,0.5935763044236108
579,0.9374869346180573,0.3267433397769016
581,0.7090693880313029,0.5000046005534483
582,0.6699516913407345,0.37694415195501035
589,0.6951674468312817,0.45491546443264175
592,0.950006977653841,0.7515293949952311
593,0.3898573259303059,0.6248679606000904
594,0.6800069551917298,0.5392282464080289
597,0.36888133534690026,0.4053312713684418
607,0.7602952210141062,0.11837267880720766
610,0.6354380648801288,0.4767293170787565
612,0.32674658825523245,0.2313567360504274
613,0.3489696663979467,0.43430809079688776
614,0.8289848865866731,0.1080099157290129
616,0.8789983710817957,0.37962780233777915
619,0.9623018272297312,0.7116806914297024
620,0.5149166804720295,0.384735662082192
621,0.8980134522841497,0.5207900352043953
622,0.9276771067317684,0.5078334745758768
625,0.41566437501658177,0.1352625181571657
626,0.9747108587122901,0.7284717247429497
629,0.7103568977440985,0.4766250089012525
632,0.7932078740255958,0.35419907000568474
633,0.6156968887356581,0.38750153199349174
636,0.581567080790917,0.19169751072681995
638,0.8941270825204974,0.07616395375647113
640,0.3726826601773765,0.4201861876803852
642,0.696925294241873,0.6994850204911376
643,0.5534029462028035,0.0943925244012027
645,0.5204789799294256,0.26527886858503386
647,0.589757685776003,0.28215135611914416
649,0.3961593897378325,0.21430151095864106
651,0.8386893005127174,0.6116999061940428
652,0.2838858216025752,0.24461321303254266
653,0.6599332949069064,0.2065178439923218
654,0.5425804193631771,0.2154538261041331
655,0.9680342362932366,0.1160800916353842
657,0.29294558031416135,0.19227975169887154
658,0.6581631041984924,0.273150804845127
659,0.3504172916734212,0.43119463803881264
664,0.3355576450094122,0.3818796582988704
666,0.5772378241377243,0.3266228257370057
667,0.8070528618643059,0.45459257352840143
668,0.25573602229843817,0.28354204329926164
669,0.7001070499820276,0.4700318879279664
670,0.6101838501100858,0.23864542811878203
671,0.4871367640563376,0.3339013267471092
672,0.7584344310252359,0.10861587696169349
673,0.3493398116712244,0.4952111596545018
674,0.8896033684571727,0.07494058007901497
675,0.44424272890694294,0.44454492404620366
677,0.5353917928180901,0.3453310290095257
679,0.514417880958927,0.5638255792930887
683,0.9033831535963398,0.740202025227035
685,0.6677525391425713,0.6734093942169476
686,0.8944481501731495,0.19201226309407854
687,0.6793299027745581,0.2244485977242709
688,0.23453371244627552,0.4479231920068145
690,0.8810282498577595,0.7307403553079344
693,0.45451444505734406,0.16365490554206724
694,0.8170243596329329,0.26509141516753304
697,0.7508957853631018,0.3982383163652435
698,0.9198579952910954,0.3573511901426622
700,0.5954172134171838,0.4731675523140537
705,0.8398312809364314,0.7131112590510206
706,0.8705083497630604,0.14710912186030634
707,0.30778666819777295,0.46244080055986475
709,0.6913233290973808,0.45798805766819983
711,0.5793693552376231,0.20056471477152238
713,0.5460801999358906,0.13457996770663105
714,0.6328043789013943,0.563257651831832
716,0.6934428258547466,0.7113526093910914
722,0.9348684744163756,0.723745970735729
725,0.7085916951605009,0.37897405053570854
730,0.48266230647235453,0.1074584118766094
731,0.6102969926334656,0.5008826502294199
734,0.4274020425262492,0.4564475748470123
735,0.5157820588189692,0.5378420624744646
739,0.868268583000077,0.619282883666299
740,0.3856072615919407,0.5472637780748055
743,0.26878497995129425,0.2537237995812314
744,0.6142492849436852,0.6093268368505026
745,0.5044848679554197,0.2693886479521821
746,0.42237921205168083,0.5332665258142628
748,0.7113963749195726,0.40620605990075376
753,0.9748722087540387,0.2016087857825715
754,0.38028121967452155,0.3051757828480297
757,0.5639159381708535,0.5684505144112642
758,0.8889414091527867,0.3301926489594423
759,0.614230754159355,0.43413169566213466
760,0.6568896101767367,0.2663193132341843
762,0.9371035767748921,0.5249911652415067
763,0.7528221362624224,0.6117669279258644
766,0.26951643741203224,0.4298200759568821
767,0.6818488491465251,0.47819552135227184
768,0.8493229503067063,0.12853023905757535
772,0.7368714803194194,0.350134057380778
774,0.2919914808714117,0.3381622619064782
776,0.5588194403924315,0.4098216543181033
779,0.37613033917652383,0.13150207251373522
782,0.4205504839394424,0.721691131308173
786,0.6979298453839252,0.6553013744540425
788,0.48640030294245445,0.27734918759290306
789,0.49745690242030494,0.3017275733557994
790,0.7914533393128174,0.5487553665749166
792,0.8997318246263077,0.19013606953776538
793,0.46003906523490207,0.38543310792438384
794,0.5771345908978451,0.07985476005805439
796,0.9385582681968561,0.6749745447787868
800,0.34299428140711,0.5479648493556897
801,0.8371076430172756,0.1979523947155504
802,0.4868672685927102,0.09281147589944914
804,0.6380162122639281,0.7282075281301695
810,0.6631783994317857,0.5967981615490053
812,0.6351899948031824,0.3699790152378251
813,0.6103719853937508,0.5290937943933399
815,0.855685401894226,0.42069740394674954
821,0.4932001266786585,0.34964498583441084
822,0.39349134771723493,0.40597561667534526
824,0.5139670091078085,0.26494518663361455
826,0.7066279102287962,0.6095434871779438
829,0.6745610052294837,0.4863753754026032
832,0.8894085376355997,0.43601622360488274
833,0.6291624206851628,0.5589811435117241
836,0.39447006213968605,0.10202540874290465
837,0.4442481618760445,0.5730281922303442
838,0.7682241490469303,0.18664072954444333
840,0.5381540500726847,0.43375158862244695
841,0.7646154480218857,0.7354987361515526
842,0.9311429621625554,0.0778748088482218
843,0.7867927607843848,0.354805621422806
845,0.4848277964459394,0.2835081235151699
847,0.6377462920282504,0.6320458290219764
848,0.4497942512442429,0.7078764921088634
850,0.837196739449309,0.11357941295410183
852,0.6028825100732911,0.45411326702311067
853,0.6420020730493553,0.448144691131147
854,0.8345344697849434,0.6604633434602964
858,0.8849943924348165,0.19977520487632974
859,0.4368975056175051,0.546320141060457
860,0.298255283973193,0.29842055864667516
861,0.44401709996994726,0.3761836968607868
862,0.9887322587274393,0.6107190266158202
863,0.7540592488553763,0.5902659026618067
867,0.6452014696363644,0.20997938141439515
868,0.5081860039885909,0.15122916237150866
874,0.35959730873325,0.5156393775378871
877,0.6350377619332744,0.28966216597966726
878,0.7439523556886666,0.6074277971816237
882,0.9421353119391784,0.7358694729616885
883,0.5384593328945926,0.5273207836137203
884,0.9070965984825798,0.754719835368603
885,0.5700034177897635,0.33268179529040165
889,0.4094818606935785,0.40272369055078794
890,0.5756845487271982,0.5149229912387022
891,0.4266864947041913,0.39991960755412326
892,0.5820431646395434,0.08586043257674521
893,0.55268625300189,0.11666269159828013
895,0.6197343345927614,0.6900661900181125
897,0.8947320482287089,0.41875684306979655
898,0.8730505100881546,0.30665691074744167
899,0.743768493555998,0.6597221179222291
902,0.5921231592395013,0.152623414813097
908,0.4424015234679805,0.6301655306617205
909,0.6653012369598594,0.36751917575518317
912,0.7188304362624185,0.28222017929680665
913,0.7409256595775828,0.7520509125762104
914,0.9776905599961518,0.679230080412136
916,0.4909637731630809,0.5602616961983166
917,0.8490141152696358,0.2557463180456615
919,0.4731504122639042,0.36088063654359226
921,0.8072041219394884,0.7127716279654808
922,0.5602957164528607,0.6806930029827175
923,0.6145822202917612,0.2620004508774691
924,0.9594976450882661,0.11898331932135207
927,0.4363354560301224,0.12433714443283717
931,0.7351071671465824,0.7421243981795359
933,0.7620135692974769,0.13273599940651307
934,0.4314065578781834,0.11773942484228311
935,0.9772046293594752,0.19326103554482726
938,0.6767895194726112,0.5240466895016267
939,0.9053018331534627,0.39563127668342585
947,0.7523502313051241,0.16669192487070902
950,0.6207632667971418,0.424214793511571
951,0.7807788686319331,0.5924218382400643
952,0.6454098435855868,0.1941649213983269
954,0.8368339235339227,0.41236306796957795
956,0.34684066442934247,0.1494311220148128
958,0.5351964149074541,0.5080385967505303
962,0.46678873819945566,0.6778555956305845
963,0.6292370404555295,0.19783135099162485
966,0.7140481181320268,0.6461920393353494
967,0.416384821166357,0.601512167353759
969,0.9300876141052865,0.22676887464889114
971,0.3541916866497154,0.41716784402780627
972,0.6814583037318666,0.1055510868864333
975,0.6602354440091698,0.2845529228684385
976,0.8804782243176067,0.6214163475697306
979,0.8277419808366495,0.15332489327897725
980,0.7919130605994296,0.07709748423765968
981,0.6118455659607737,0.6120623713274529
982,0.5183007210930045,0.7537006221883228
983,0.3471006869792741,0.5093698116622596
984,0.42986843570837285,0.1392678587843746
985,0.9112619822859132,0.07312957064434797
986,0.8190759723634136,0.6782444778332765
987,0.38858248196901485,0.6324805202497723
988,0.0,0.18915911830113652
989,0.8708965549632732,0.6425611113901323
990,0.6989404624754092,0.31071259388111694
991,0.35690518678313976,0.7361486775818209
992,0.07032456013977062,0.53673888333968
993,0.7602004343309786,0.693607114506562
994,0.027205885147353222,0.7195876495759804
995,0.7077451326609604,0.34153190898801233
996,1.0,0.6701822340722677
997,0.09784664841586709,0.13681676593517159
998,0.1857101295072127,0.08506730365990638
999,0.6919676108446318,0.0
1000,0.6975630448837473,0.0038526882197406982
