NODE,X,Y
1,0.4441894089475132,0.09270098635876742
2,0.7858104336226714,0.6171647537262995
5,0.7909656960664303,0.20433691815500313
7,0.4550200630494291,0.12930555406505967
9,0.8986643285568514,0.08991783982019481
10,0.16643308034699508,0.6393532935206897
11,0.20080692374991368,0.2978656274280176
14,0.7025376313202767,0.34506050337640615
15,1.0,0.11569143443968022
17,0.4948201413486929,0.13119564802071043
19,0.4757829294655403,0.8070740878777561
20,0.5607357915678408,0.44913452694421413
21,0.935594025870137,0.37766834718059256
22,0.28188774184308824,0.7372861012752203
24,0.3853859397800616,0.4924877117427039
27,0.3410048540330493,0.14053606964179918
28,0.1703719673049899,0.05401733969815339
29,0.33460021028594816,0.5910583585903825
32,0.04188800448876647,0.5121444923296231
34,0.45520482649410154,0.151063646029071
35,0.435533287894132,0.16228827002438448
37,0.4734797517286566,0.34083687950074176
40,0.6977562163489196,0.13712674638775596
43,0.9611541850275912,0.9131096849590178
44,0.5983869306948713,0.5613696416978717
47,0.711871961381334,0.6217009646120637
49,0.3941035920055882,0.828762639481748
50,0.37430922192607907,0.4391275086394753
52,0.47422062434109047,0.24860354752123676
53,0.9970388239081979,0.40101569915751595
54,0.4531502868042088,0.7983047173026161
58,0.0,0.5088343047323075
59,0.3256067906510831,0.3508359856418818
65,0.8331852006602847,0.30649376826384606
66,0.7500523491901813,0.39130185923798483
67,0.3588078231577181,0.23627395895447476
71,0.19477251510728188,0.31685130068508743
73,0.8075401354738824,0.6680677045444371
75,0.8024148843546751,0.8409945892766082
76,0.9390423379242422,0.2524668978221271
79,0.9832709441450188,0.537177557119638
81,0.7834821313359472,0.45291131261253303
82,0.9624836163773323,0.8289748994443837
83,0.36233737406338673,0.034847481033056814
84,0.6795547080409525,0.0
85,0.41502406039878886,0.23607706946065138
91,0.46202937569821667,0.10067348744677851
94,0.8851627357466014,0.39178365267031584
96,0.5092798395377593,0.8689604240941995
98,0.39035168737226905,0.06732172635102508
99,0.44620158969232343,0.4138389666338535
100,0.26009116815811306,0.048838882698586016
