NODE,X,Y
1,0.7506043753337442,0.6260499587646968
2,0.09924957658482172,0.295822342452513
3,0.24778405740090023,0.2954588387142989
4,0.5222164921477276,0.6266821896135355
8,0.14069939187592057,0.5955630571076319
12,0.7921941090131889,0.21404516547425298
13,0.7750933074205815,0.527185299968837
14,0.7403649600869433,0.17983648279995265
15,0.8004168651518369,0.7446004270062051
19,0.49462358084624136,0.6778437871856773
21,0.35827743127373224,0.4576571181216479
22,0.5575486178130673,0.6551767068024015
24,0.41930465279568924,0.2025365242079907
26,0.9031567559156083,0.7293214427348118
32,0.37649751409858795,0.8784265339218112
36,0.6836752739001194,0.38668936329953696
40,0.6413392792524165,0.7370567868770621
41,0.18132141941677182,0.7210612723427596
44,0.6681368996246484,0.3194879235726591
47,0.5393116167128135,0.5357689647154165
48,0.6120001976538325,0.5813677072763358
50,0.7645093631617863,0.8248299398554596
51,0.7852291320209468,0.05234231630383644
52,0.3424476927582816,0.6963685770323769
53,0.4085724504750259,0.552676485272353
55,0.8457605672953483,0.04026667710904733
56,0.3477268054577562,0.38110421858815235
57,0.35576662317660046,0.13179475773836216
58,0.33765403002607375,0.6470495171742644
64,0.6270906910574049,0.7077690397342048
65,0.4434722974512931,0.3197803865741277
66,0.3312023627241051,0.5548680126399891
75,0.6213792507317242,0.38981222255085507
76,0.39759794396731707,0.315487926552815
77,0.46496528893572237,0.9264934933181304
79,0.9103140786386162,0.063128692026961
81,0.15592344597563776,0.3445662282599742
82,0.19595830999507263,0.8179486126721377
84,0.3781262512484185,0.8315183711605619
85,0.06782304672192932,0.3639880706891393
87,0.2031502835845573,0.5708977536636264
93,0.015187450158922313,0.3231308086241999
94,0.6987635695420581,0.14102631411800953
96,0.23562185569904928,0.17281895345043408
97,0.9415630477750025,0.1155695850192882
