NODE,X,Y
2,0.7033381684618533,0.13893300212166665
3,0.769614427750625,0.7492970392461202
4,0.2364202625085742,0.17098486041499106
5,0.9481172944930345,0.11326871344300977
8,0.30604131670248663,0.44738862795428064
12,0.9500280368892413,0.42461042441875035
14,0.6379535420870469,0.2608556483287443
17,0.4553442745197449,0.4177563481201156
23,0.4528249915618033,0.6724282385162242
25,0.60741497679158,0.8791294271622718
26,0.26537018318153766,0.2759964067874667
27,0.35030773357284445,0.07713432679726312
29,0.3638193299658806,0.7096481558194405
30,0.3185936930864273,0.3981929610505867
36,0.638515837534033,0.2286840348836942
37,0.8845180908778766,0.25633385363881867
40,0.8817567620242882,0.15043899979642905
41,1.0,0.22344963584899355
42,0.7652798643297671,0.5313517374817395
47,0.37710415326568436,0.448908972410715
48,0.8096686129043765,0.39104271583340655
52,0.31930624535655555,0.19320323316952726
53,0.5556221129673966,0.31038561804657977
55,0.7208160795457141,0.5858436053069842
56,0.0,0.31665869518607004
57,0.5092204722272816,0.25849453083941454
59,0.5403327370628452,0.2554209435581189
60,0.30751383444170954,0.35415373407509737
61,0.6232980809904318,0.21754664620275527
66,0.6398450744795585,0.3935657294051506
67,0.7448465012479545,0.8773452131683138
68,0.3848303995439588,0.5980173552956953
72,0.1699421011254707,0.2513490642578733
77,0.8525930087741935,0.4832970337780509
78,0.9306557064107338,0.13140126756117615
79,0.5451670946256824,0.40365988296293187
80,0.6669746666152675,0.8737553464361028
81,0.04926517231073735,0.4171477896720168
83,0.3149173792549676,0.2109226009937732
84,0.7289362014124272,0.36175628123501496
85,0.7109178931002363,0.6996917335439231
88,0.5971440562632566,0.3163927622536113
91,0.16482050931505832,0.6747103067779646
94,0.36643451955441897,0.45633695549151343
95,0.5263124451059361,0.3836534010785579
