NODE,X,Y
1,0.8715902099763028,0.1554570782097501
3,0.10024265489947859,0.5852413159217749
5,0.2346148552558434,0.6709419213961411
6,0.13453709317523446,0.7309552598371905
9,0.581818679482248,0.8971710033111847
12,0.24778405740090023,0.2954588387142989
14,0.4495598183183451,0.2623216072241192
15,0.802394397200027,0.4464690296850196
18,0.9567534246471734,0.008542546629812596
20,0.42164769862384266,0.9091263041088515
22,0.7750933074205815,0.527185299968837
23,0.7403649600869433,0.17983648279995265
24,0.8004168651518369,0.7446004270062051
26,0.2281720170366268,0.628144321374069
27,0.3885659472432082,0.4511287144281983
30,0.35827743127373224,0.4576571181216479
31,0.5575486178130673,0.6551767068024015
32,0.6938151047106718,0.10092382245943
33,0.41930465279568924,0.2025365242079907
35,0.9031567559156083,0.7293214427348118
38,0.478612777553912,0.1952204644251382
39,0.8447935256373263,0.04485818237045695
41,0.37649751409858795,0.8784265339218112
43,0.8356187392738036,0.8168396296967159
44,0.20192158288629738,0.41931314888557014
45,0.6836752739001194,0.38668936329953696
46,0.32383522594407377,0.03461341499328444
47,0.8456851810096823,0.0015299534472222542
49,0.6413392792524165,0.7370567868770621
51,0.336821460214938,0.12328672998194021
52,0.45014035166959043,0.16633716633045276
54,0.30654824996561314,0.5997763605649213
57,0.6120001976538325,0.5813677072763358
58,0.2087089402905828,0.3541627729971712
60,0.7852291320209468,0.05234231630383644
63,0.6747412034970661,0.16161823932490807
66,0.35576662317660046,0.13179475773836216
71,0.49737806369903204,0.9072581487229738
74,0.4434722974512931,0.3197803865741277
76,0.4674374351874862,0.3750945390685173
78,0.3458462263205944,0.906657703140618
79,0.9606378460089141,0.8855285220343736
81,0.8726507365301939,0.03975843303398605
82,0.11934636083134932,0.6391397034371119
84,0.6213792507317242,0.38981222255085507
85,0.39759794396731707,0.315487926552815
87,0.737616479759702,0.3652192717593326
90,0.15592344597563776,0.3445662282599742
91,0.19595830999507263,0.8179486126721377
93,0.3781262512484185,0.8315183711605619
94,0.06782304672192932,0.3639880706891393
96,0.2031502835845573,0.5708977536636264
100,0.507365007099837,0.4335450611822604
