NODE,X,Y
3,0.3346022713248622,0.7686636139712756
6,0.676492752567644,0.3202566501028324
8,0.5574549731938455,0.422812017310329
9,0.8986643285568514,0.08991783982019481
10,0.16643308034699508,0.6393532935206897
11,0.20080692374991368,0.2978656274280176
12,0.7551629073129206,0.8454663663981552
14,0.7025376313202767,0.34506050337640615
15,1.0,0.11569143443968022
16,0.3989198848962582,0.8806714995880318
17,0.4948201413486929,0.13119564802071043
18,0.32248681080531905,0.45718860391526134
20,0.5607357915678408,0.44913452694421413
22,0.28188774184308824,0.7372861012752203
25,0.6187148781454612,0.21288897439909238
27,0.3410048540330493,0.14053606964179918
28,0.1703719673049899,0.05401733969815339
29,0.33460021028594816,0.5910583585903825
30,0.5905020063249412,0.812228291294657
31,0.7013239723459146,0.15690667865458485
32,0.04188800448876647,0.5121444923296231
34,0.45520482649410154,0.151063646029071
36,0.8243193842511557,0.0286214380961017
37,0.4734797517286566,0.34083687950074176
38,0.34714686641068,0.6181334369159647
40,0.6977562163489196,0.13712674638775596
42,0.42975903948829464,0.26835289373391896
43,0.9611541850275912,0.9131096849590178
44,0.5983869306948713,0.5613696416978717
45,0.8619602568749499,0.7572952471230202
46,0.21312937098993334,0.24849397296604905
47,0.711871961381334,0.6217009646120637
48,0.9795881688991628,0.36086685051907147
51,0.4756086093363141,0.10711426346761918
53,0.9970388239081979,0.40101569915751595
54,0.4531502868042088,0.7983047173026161
55,0.6009565352320024,0.04609999521649069
56,0.5245477524568326,0.07006165972750025
57,0.4623978110318647,0.3052765837971962
58,0.0,0.5088343047323075
59,0.3256067906510831,0.3508359856418818
61,0.25981517893892797,0.5690239447980248
63,0.9139477878756332,0.3045676050565937
67,0.3588078231577181,0.23627395895447476
68,0.3241829645752439,0.4497295830809173
69,0.6188097605684281,0.29721666508110434
70,0.7448390812140089,0.3313601699874676
73,0.8075401354738824,0.6680677045444371
74,0.6745819838890703,0.8894878894175102
76,0.9390423379242422,0.2524668978221271
77,0.6032144714630687,0.5580060569163251
81,0.7834821313359472,0.45291131261253303
82,0.9624836163773323,0.8289748994443837
83,0.36233737406338673,0.034847481033056814
86,0.8904227884774055,0.8951000574335677
87,0.6097243757675157,0.39936656237927476
91,0.46202937569821667,0.10067348744677851
92,0.2879029118411994,0.008024770307634217
94,0.8851627357466014,0.39178365267031584
95,0.2748762437254632,0.5767458460527193
96,0.5092798395377593,0.8689604240941995
99,0.44620158969232343,0.4138389666338535
