NODE,X,Y
3,0.3346022713248622,0.7686636139712756
5,0.7909656960664303,0.20433691815500313
6,0.676492752567644,0.3202566501028324
7,0.4550200630494291,0.12930555406505967
12,0.7551629073129206,0.8454663663981552
14,0.7025376313202767,0.34506050337640615
15,1.0,0.11569143443968022
16,0.3989198848962582,0.8806714995880318
18,0.32248681080531905,0.45718860391526134
19,0.4757829294655403,0.8070740878777561
20,0.5607357915678408,0.44913452694421413
25,0.6187148781454612,0.21288897439909238
27,0.3410048540330493,0.14053606964179918
28,0.1703719673049899,0.05401733969815339
32,0.04188800448876647,0.5121444923296231
34,0.45520482649410154,0.151063646029071
35,0.435533287894132,0.16228827002438448
37,0.4734797517286566,0.34083687950074176
38,0.34714686641068,0.6181334369159647
40,0.6977562163489196,0.13712674638775596
41,0.6433607347814242,0.7715638735596034
44,0.5983869306948713,0.5613696416978717
45,0.8619602568749499,0.7572952471230202
47,0.711871961381334,0.6217009646120637
48,0.9795881688991628,0.36086685051907147
51,0.4756086093363141,0.10711426346761918
54,0.4531502868042088,0.7983047173026161
55,0.6009565352320024,0.04609999521649069
56,0.5245477524568326,0.07006165972750025
57,0.4623978110318647,0.3052765837971962
58,0.0,0.5088343047323075
60,0.2136671070075363,0.4472961088490391
63,0.9139477878756332,0.3045676050565937
69,0.6188097605684281,0.29721666508110434
70,0.7448390812140089,0.3313601699874676
72,0.31744565716580414,0.6421479546674596
75,0.8024148843546751,0.8409945892766082
80,0.24727382069295795,0.8307523152949754
81,0.7834821313359472,0.45291131261253303
82,0.9624836163773323,0.8289748994443837
83,0.36233737406338673,0.034847481033056814
86,0.8904227884774055,0.8951000574335677
92,0.2879029118411994,0.008024770307634217
94,0.8851627357466014,0.39178365267031584
95,0.2748762437254632,0.5767458460527193
97,0.9360218144709049,0.5423643011796534
98,0.39035168737226905,0.06732172635102508
99,0.44620158969232343,0.4138389666338535
