NODE,X,Y
1,0.84025228463543,0.26733085408564405
2,0.49386269192570015,0.1903229871708286
4,0.5065330518489851,0.4057448969825733
6,0.7741422158281162,0.36519894282367255
7,0.561195271177536,0.5269519409464063
8,0.9438638715570039,0.508969239871095
9,0.5271922713170712,0.31991998126733384
10,0.8063318415079399,0.6579039924977516
11,0.5463280770087712,0.11480531468951684
12,0.6373144014558247,0.24099248788288158
13,0.5841473560469175,0.3136124956739134
14,0.5421210230147917,0.4840338844063613
15,0.6632939012636634,0.5034905739248727
20,0.9293998395057977,0.22452854670701086
21,0.5143022821374185,0.4993417929023939
25,0.6472799751247574,0.7171045977732711
26,0.5372874443756368,0.14276120469148423
27,0.9589011867705814,0.11476169193349778
30,0.49409892361903723,0.46669868054773267
31,0.6275873266784476,0.2362040256214996
32,0.8817679533818805,0.20127426828653042
33,0.6185244519618937,0.5967945678242952
34,0.9615219134339784,0.11521456909438703
36,0.9757556166802616,0.7387120801639856
38,0.4286901779816175,0.5376263191625082
40,0.4117764172367936,0.3752376462600679
42,0.6868252481862094,0.3173845969814189
46,0.9480603114896504,0.2171255696556301
47,0.5511235425127538,0.3907381505237464
49,0.6403827461688794,0.6379273412456714
56,0.8399054835307272,0.33454377512858363
59,0.651108213685483,0.6170706394695125
61,0.3582008061064945,0.24530777309772486
64,0.8681246780095112,0.2897671668414614
77,0.7024426751100297,0.5940949583430671
86,0.6297342812412066,0.7143136998344406
89,0.8823955278853757,0.4152836069878173
90,0.749791281193196,0.6145893117893728
91,0.6426870512111265,0.17277741984456563
92,0.6606658295889286,0.32139617966866113
97,0.534677394408246,0.10420693472513773
98,0.8434977680881545,0.23867686976373434
100,0.5769589881295347,0.29740912892884697
101,0.6486051780072644,0.08991460302344159
103,0.4872063956714805,0.31041985701520486
108,0.7619773708363826,0.34973275455851416
113,0.539268429527467,0.12436502864960305
115,0.8494738585333019,0.21520136851520935
116,0.46034406944514483,0.3127668289680531
118,0.3834734172056844,0.6393011520856231
119,0.6480751669469246,0.7503596947194149
122,0.9507313204857609,0.5067205640800364
123,0.46816760669284624,0.16895557209357231
124,0.49806580920904886,0.28356326304951834
125,0.9090209160736732,0.39359122414157505
128,0.5991062464890906,0.5528589667355303
129,0.9052480552054455,0.7639697482806397
130,0.6111170662416726,0.2666774271632207
132,0.4710811271156059,0.24148769969381348
135,0.4077845538977377,0.46155622823422826
137,0.4887869560095622,0.4056611362317174
138,0.3980005804416028,0.3896748681248818
139,0.7884427453121954,0.5054512608675663
140,0.5413804539141679,0.4449280504750972
141,0.36237452415112414,0.12749408646056568
145,0.8089450536385596,0.317308887218514
146,0.5522613147279488,0.3795903977399378
148,0.6570853858039242,0.10449956694580029
149,0.5686701667916896,0.29577187082111767
151,0.6249213430664827,0.42304270766375784
158,0.7712107995995753,0.5301355156152653
159,0.9253680879327999,0.08406520469993892
164,0.3459848496684421,0.33529129514877865
165,0.5063252960260651,0.31457640240407936
166,0.5233529990914155,0.3503784678449968
169,0.4855476871381155,0.6602586291614158
170,0.4204896558867992,0.6415876728461996
172,0.835795844558115,0.5452436012973267
174,0.5360677787750271,0.406916933189743
176,0.7960397807128518,0.5378260537274999
178,0.9148669505820901,0.1787445845617945
179,0.9418235686409261,0.2687445553412031
180,0.9543799492885838,0.2276090233288335
181,0.9213266452956771,0.46321424299123715
190,0.39793233691265095,0.6555495880380658
191,0.5936768255129415,0.35853678624077934
192,0.8949670475100454,0.07974467140320397
193,0.7937589562816366,0.7407633938855845
194,0.904781843926166,0.7012623960727614
195,0.6926270802204104,0.21411691705765692
198,0.7471473342735476,0.7341042419017483
199,0.6847733082049766,0.27153778674961887
201,0.9747748848709732,0.7225334438495864
203,0.6401251098519113,0.15782262196628621
205,0.8824606974151379,0.3711503073768561
206,0.7549252866233485,0.26299718361610397
207,0.695632442404416,0.5061108484810994
208,0.5547700014230105,0.3666244495480545
209,0.6888036040750711,0.31828930301974345
210,0.6555098206054093,0.19889936086826335
214,0.5487767383518023,0.5783194083106068
216,0.8742709533346791,0.39369221849152813
220,0.47758921323533454,0.5021648881132995
221,0.49240998401573716,0.5283124667624723
223,0.9423667589339005,0.5809870372119041
227,0.7978861500394159,0.6135842270804092
228,0.5673362388041435,0.2677902050455697
229,0.4164654320674886,0.3673138533382633
230,0.41714587375924045,0.12428295704533852
233,0.9352901681206892,0.12822267088444675
234,0.5611884836413435,0.5261270326967358
236,0.8619377837405648,0.07097889879516568
237,0.635987281585674,0.3280719636135745
239,0.4407187438108853,0.1389259014701479
242,0.722393492348076,0.22262506852270722
243,0.612543011242278,0.09372214983185023
244,0.7458160533380467,0.1138095691715609
245,0.7210288303296057,0.20677610723062242
246,0.8315688999203577,0.7703825780145764
247,0.5711584555819349,0.11784550466295901
248,0.9566094727698912,0.10558684092416754
251,0.47322930376371053,0.6690336479794855
252,0.3325164844482688,0.3851945707648705
253,0.62616003744496,0.6447416543425157
254,0.7716198716196818,0.09637171294310955
259,0.5791383124796101,0.19356777251851293
260,0.9651180667935054,0.1486590639103834
261,0.33488178987383627,0.46060246949587874
263,0.4810104995682771,0.5336588706001396
264,0.7154373793675128,0.685527934666087
270,0.525150599735012,0.5746338438387398
272,0.4814264918991614,0.22141450540140892
273,0.987204906442434,0.18774735550446753
274,0.4576151063727181,0.21150529988290703
275,0.516734832402071,0.12181319635000416
276,0.5015950954964583,0.37001420999026646
277,0.803532546327615,0.5896912105891289
278,0.7535473816060596,0.5116420149889438
282,0.5147213300431938,0.2607330980649894
283,0.6022994876298663,0.6446223082323201
284,0.7183432308905157,0.597887661670652
287,0.6288616232940625,0.12988530530590386
288,0.6604193457093571,0.7467765423920366
289,0.9732057986827071,0.39296597659671834
290,0.8441955408458074,0.3946360293905699
291,0.24864801914507587,0.4101500422152252
293,0.900801126481399,0.5235349682189008
294,0.7607302257331975,0.5075961850810797
296,0.638420239938007,0.33332797658259083
297,0.7144852214425479,0.24622004172751333
299,0.7754003899537806,0.19003152777430588
300,0.26704260725786194,0.3298505638199881
301,0.5736163196624753,0.6895584906398984
303,0.5636244515833474,0.25217473018755804
305,0.8079925122353879,0.6355204781400949
307,0.2601341001694019,0.256095360734739
310,0.804600406221859,0.3610604964734103
311,0.7560498223668388,0.584058818954575
313,0.45554267282841326,0.7334708933772819
316,0.7353549775966188,0.7044257298024046
317,0.4656687421726035,0.3871830564582273
319,0.7661694389754364,0.41671184419150786
320,0.5279250377936315,0.10370468305695964
321,0.5090963875480697,0.4887813539142598
323,0.46017159857216827,0.09677303757890555
324,0.7617910555502102,0.3107937709763283
328,0.9197486424178011,0.6464136301774589
330,0.7141530181986565,0.31931270173313914
331,0.3538346967444262,0.2899546817307152
332,0.7036740057269635,0.45095094071986186
334,0.5688176588393955,0.5672646418794283
336,0.6930255285667377,0.6560320550066793
337,0.6802623395079491,0.3824731437675529
339,0.43376311151600255,0.3949989719574145
341,0.8759124387715718,0.44214954926477396
342,0.632448055130338,0.24111489884543175
344,0.9709515561752708,0.20138385719691157
345,0.33842753636880857,0.4548986385827931
350,0.6091872396269359,0.12867489187392864
351,0.3308197409374729,0.42252016385268615
358,0.36033532659206385,0.16246774252133783
361,0.4359815136163973,0.31754922556326637
362,0.40464079137089587,0.6257876628800972
363,0.24775858287136396,0.3187473456077019
364,0.7931868805713935,0.7546198419107619
365,0.9539520838541664,0.40968886910573965
367,0.35600339901181294,0.5037155714738044
368,0.3964639285913604,0.44826486284181105
369,0.6655350525797377,0.30371904333582117
370,0.8060447672493609,0.7529339775472284
371,0.7594188100923561,0.3352554989637311
372,0.36004780877664,0.5189063444923202
374,0.7547191905972056,0.29696329172108943
376,0.44849338512121484,0.7692640885346383
377,0.45774496268845327,0.34945462868606875
378,0.3490204573174664,0.6082211679420575
379,0.40980051485539887,0.37196369042376015
382,0.9677020576876078,0.0911988280496182
383,0.5500158069250296,0.6750809402556396
384,0.7984946352900684,0.616187330501676
385,0.2732519514134994,0.18109440721238917
386,0.2628258684104262,0.4488665453414972
388,0.5502594742729509,0.22566622520719282
393,0.8261131639743153,0.7482729539932221
394,0.5687430479138516,0.36639386562328435
397,0.31464368877643273,0.4177121805827427
400,0.3168307684493345,0.45511274530136286
401,0.9340691703953841,0.2629752725337819
402,0.7195574211886432,0.19976351055366362
406,0.6398187192737668,0.7040416430654468
408,0.6946071840443443,0.5064121799651328
412,0.7353832361384166,0.19435101384209635
413,0.5461757714786611,0.4041710689175572
414,0.4710968997875611,0.22756027207431181
416,0.2530310355352052,0.39455046330865945
417,0.4888868002709001,0.36911290830556076
418,0.5577027497179755,0.3787854142618525
421,0.6470027059969604,0.5298393150224021
423,0.438243033900845,0.12544004958777077
424,0.4695208652500184,0.5985513252444294
425,0.5116999732102084,0.129802499114066
427,0.6141662317723456,0.2105580838783467
430,0.7650733345712271,0.31584894919747325
431,0.5134360968172375,0.691573825068132
432,0.5887202803427408,0.499424231435768
438,0.5909147662515623,0.48003509588632937
440,0.6929608451145786,0.24582262680589131
441,0.8809007786383514,0.38868205810516454
443,0.32509975637320326,0.271090782080759
444,0.42167220274935724,0.3797123619721523
449,0.2546712098122437,0.43328520069039644
450,0.6362631502513804,0.2708707821180357
451,0.3589261749930956,0.5153459137127346
452,0.5565227508173298,0.738141517052428
454,0.25225078797742606,0.47408477021249623
457,0.9016520208368637,0.2552777348354878
459,0.25812187429924566,0.4248449113897157
460,0.7449374879195227,0.40984447085314585
461,0.2559714346060027,0.22580865134699982
463,0.5800724493183288,0.20360817818073956
464,0.43208376423381734,0.34983066416464587
466,0.5330353826319865,0.6384528857289641
467,0.6189764741656595,0.3150274774475821
469,0.6389936206957297,0.08754407961210836
471,0.8052101866626089,0.3881005582420579
473,0.862532891415316,0.7453379102245622
475,0.23098612233961144,0.29009323267536713
477,0.8523176154817742,0.25731598885273016
480,0.7715840909910581,0.12285677618858776
481,0.6146168895498654,0.46296867164975963
483,0.3093827528042269,0.3890850649691495
486,0.36699219833721225,0.5685735864578902
490,0.6941002839041116,0.6549224645416973
491,0.920724012183059,0.5909101866430978
492,0.26707088899358883,0.33614686294856044
493,0.5717850739680217,0.28845389778879604
494,0.8096762032198297,0.5792171655340242
496,0.28578982651531815,0.23483296741214618
499,0.4420426237434152,0.7008693519535425
501,0.34605711572271447,0.2699652762710991
503,0.36785888094105773,0.39763954641721144
504,0.5737635846468692,0.42140356269796264
508,0.6119430987203308,0.4873124865899998
510,0.45182058012059456,0.7096520628532355
511,0.5434596293934112,0.07573999633859538
516,0.8086464582425406,0.2885048053449785
517,0.6807796379544702,0.602799392360378
519,0.5203852433227689,0.3686120629856997
521,0.5953022221674599,0.24189015374840098
523,0.6097979999871911,0.21770130780685742
525,0.4685018718071151,0.6669803134674408
527,0.42722397422766833,0.13939590360313064
530,0.48791410293008297,0.211372418007725
531,0.9383453873920388,0.48859435084087666
533,0.23967801526089264,0.1936114103794691
535,0.8742358887675478,0.4365027153513749
537,0.47222005017619106,0.4219513305226397
539,0.5037179581692961,0.289127212036387
541,0.9191887828200581,0.4066663142451939
542,0.5464960691498234,0.2735924075999241
543,0.6964062282864724,0.6367692472148101
545,0.2762949010924692,0.4369894322737991
549,0.4431957125827623,0.28962136795221943
553,0.605715663262343,0.21886922132593173
556,0.9437875558286667,0.2589396340796966
559,0.33806973300557636,0.47724131485239335
560,0.47939194373802135,0.38681244421972427
562,0.641550212888074,0.7468185642321762
563,0.666647358277922,0.2858074769092758
566,0.7506891853491121,0.215259508382287
570,0.8626930905141125,0.25618387652706476
572,0.8474021813798127,0.27952792538129945
583,0.8637268160633957,0.4176357646761957
586,0.3948835816098943,0.5438691046158735
587,0.5121121029378688,0.3719380454781115
588,0.3959699176735903,0.310685892689585
590,0.6230788001068557,0.4285893657524537
591,0.2800016527861427,0.2928913042585694
592,0.950006977653841,0.7515293949952311
593,0.3898573259303059,0.6248679606000904
600,0.5187527368436708,0.7168915576243491
601,0.9726203929239093,0.24121735062347607
602,0.4725431584977679,0.6818167593625047
604,0.7388726973275669,0.25018454122684813
605,0.2524605247380058,0.22008455703775429
607,0.7602952210141062,0.11837267880720766
611,0.8079088054864059,0.4480290928441771
612,0.32674658825523245,0.2313567360504274
616,0.8789983710817957,0.37962780233777915
622,0.9276771067317684,0.5078334745758768
623,0.5301035060816648,0.35419840134129577
625,0.41566437501658177,0.1352625181571657
629,0.7103568977440985,0.4766250089012525
630,0.3796459258557762,0.368413313630643
631,0.3826074333744935,0.5268895024868935
633,0.6156968887356581,0.38750153199349174
634,0.6630258194717061,0.2900122948968898
640,0.3726826601773765,0.4201861876803852
641,0.5966716453479831,0.5975640227596442
643,0.5534029462028035,0.0943925244012027
648,0.7734383718696999,0.22878102320552637
650,0.5227156623665643,0.13611816106174857
652,0.2838858216025752,0.24461321303254266
658,0.6581631041984924,0.273150804845127
659,0.3504172916734212,0.43119463803881264
660,0.2897122613127219,0.19165404719645546
661,0.9063751044277285,0.3058760109875612
663,0.9039208656845414,0.10637933597689535
667,0.8070528618643059,0.45459257352840143
668,0.25573602229843817,0.28354204329926164
669,0.7001070499820276,0.4700318879279664
670,0.6101838501100858,0.23864542811878203
674,0.8896033684571727,0.07494058007901497
675,0.44424272890694294,0.44454492404620366
676,0.4010788225287948,0.379039588784591
682,0.44109219010531237,0.6348909373603295
683,0.9033831535963398,0.740202025227035
684,0.47892351153496077,0.5827194629626238
685,0.6677525391425713,0.6734093942169476
686,0.8944481501731495,0.19201226309407854
687,0.6793299027745581,0.2244485977242709
688,0.23453371244627552,0.4479231920068145
689,0.5981769803465643,0.27692857582828534
691,0.5509243326463227,0.47448937951662445
696,0.4772051396830021,0.3053902702067218
699,0.5000207025536109,0.647910140861763
701,0.5089442322967784,0.6456088860568051
702,0.4006760661397975,0.5891123790706265
703,0.9361469565555481,0.6719451110969127
705,0.8398312809364314,0.7131112590510206
713,0.5460801999358906,0.13457996770663105
715,0.6375926976231143,0.2660393768198381
717,0.45272707000809054,0.6809673529871951
718,0.5253647040729962,0.09562595702531451
725,0.7085916951605009,0.37897405053570854
726,0.7119805950783712,0.6833251471467795
728,0.5167065362879093,0.7476474317581985
730,0.48266230647235453,0.1074584118766094
731,0.6102969926334656,0.5008826502294199
732,0.33767807236863673,0.19299164155748685
733,0.46902584319007795,0.4738414154476363
734,0.4274020425262492,0.4564475748470123
737,0.40577319985346544,0.5660564840857046
738,0.7652766512203765,0.21827287916858462
739,0.868268583000077,0.619282883666299
741,0.9858058221881205,0.45325392117859015
742,0.5432925312614238,0.14234690062554933
744,0.6142492849436852,0.6093268368505026
746,0.42237921205168083,0.5332665258142628
747,0.4057238181204241,0.08447382793639928
751,0.5692920723721637,0.08809938479972042
753,0.9748722087540387,0.2016087857825715
754,0.38028121967452155,0.3051757828480297
756,0.9226928451091431,0.450432466920047
759,0.614230754159355,0.43413169566213466
761,0.7592382355948248,0.09400363242300494
762,0.9371035767748921,0.5249911652415067
763,0.7528221362624224,0.6117669279258644
765,0.8892864187364744,0.19873570111915767
766,0.26951643741203224,0.4298200759568821
767,0.6818488491465251,0.47819552135227184
769,0.7333934935594939,0.5173206896132002
771,0.7732774274119136,0.2000834936434879
772,0.7368714803194194,0.350134057380778
774,0.2919914808714117,0.3381622619064782
777,0.7979700624016796,0.39279266447992434
778,0.9127885273285773,0.6521535670602453
779,0.37613033917652383,0.13150207251373522
782,0.4205504839394424,0.721691131308173
783,0.48656477509283547,0.5061611450329653
784,0.804361394550529,0.6760710686901876
785,0.9551125480697302,0.41365435118120214
786,0.6979298453839252,0.6553013744540425
787,0.7704022036115806,0.3665725311787687
788,0.48640030294245445,0.27734918759290306
789,0.49745690242030494,0.3017275733557994
790,0.7914533393128174,0.5487553665749166
791,0.9183658345486786,0.26831122812676345
792,0.8997318246263077,0.19013606953776538
793,0.46003906523490207,0.38543310792438384
796,0.9385582681968561,0.6749745447787868
797,0.7232182778758602,0.5472628087603624
802,0.4868672685927102,0.09281147589944914
803,0.24895026933948677,0.45368903900195706
804,0.6380162122639281,0.7282075281301695
809,0.46418512290743835,0.10206784905412858
812,0.6351899948031824,0.3699790152378251
814,0.8631551413892972,0.7401375047095428
816,0.5230856521756516,0.4383483506755449
817,0.8619996821174983,0.6818013585754915
819,0.4215930654158965,0.34367469462207595
820,0.8559852680814276,0.6462900912629962
822,0.39349134771723493,0.40597561667534526
823,0.48800739018645156,0.4846164130624554
824,0.5139670091078085,0.26494518663361455
826,0.7066279102287962,0.6095434871779438
830,0.34346083852954834,0.1990881586069398
832,0.8894085376355997,0.43601622360488274
833,0.6291624206851628,0.5589811435117241
834,0.558237043499076,0.32657179560390204
835,0.37127695879049166,0.29157791699223656
839,0.3800960749594298,0.14642852489243535
840,0.5381540500726847,0.43375158862244695
841,0.7646154480218857,0.7354987361515526
850,0.837196739449309,0.11357941295410183
851,0.358594503619389,0.23156706406635574
854,0.8345344697849434,0.6604633434602964
855,0.47618200392566706,0.4535537944172315
858,0.8849943924348165,0.19977520487632974
860,0.298255283973193,0.29842055864667516
864,0.9620734428548459,0.33981506378295084
865,0.8836707900639512,0.10192432772026369
866,0.5135247160208068,0.08112055178437483
867,0.6452014696363644,0.20997938141439515
868,0.5081860039885909,0.15122916237150866
871,0.9066838039799449,0.7652468316638519
872,0.38945958707037587,0.22914613139708737
874,0.35959730873325,0.5156393775378871
878,0.7439523556886666,0.6074277971816237
886,0.8035254582581806,0.6815825317389012
887,0.5037741832694549,0.5551434719564725
888,0.4960223824853767,0.2967004159591912
890,0.5756845487271982,0.5149229912387022
891,0.4266864947041913,0.39991960755412326
892,0.5820431646395434,0.08586043257674521
894,0.6367509552440076,0.28928400211398614
895,0.6197343345927614,0.6900661900181125
896,0.5465429198160159,0.32245431911227673
899,0.743768493555998,0.6597221179222291
903,0.3271900770667114,0.24967649982879475
908,0.4424015234679805,0.6301655306617205
910,0.7152084389334701,0.47381303146189024
911,0.8607782695265278,0.6086031213355779
915,0.794275361213011,0.6374475487284678
916,0.4909637731630809,0.5602616961983166
917,0.8490141152696358,0.2557463180456615
918,0.8269781949511154,0.4262123222892672
920,0.6741472032240503,0.33176408155794657
923,0.6145822202917612,0.2620004508774691
924,0.9594976450882661,0.11898331932135207
926,0.5510504861158668,0.40793276230902564
927,0.4363354560301224,0.12433714443283717
928,0.7786217475166494,0.30970726734705706
932,0.7358531460293736,0.4280484842664452
933,0.7620135692974769,0.13273599940651307
937,0.4685934567635608,0.47040726833724156
941,0.3014250170472277,0.40306984556167863
942,0.7593926865206003,0.731322923784268
945,0.48600479579687594,0.37512490334225757
946,0.8328408871157517,0.35420680530951804
947,0.7523502313051241,0.16669192487070902
948,0.9510259265782105,0.2597237092835095
951,0.7807788686319331,0.5924218382400643
954,0.8368339235339227,0.41236306796957795
955,0.7773366155063395,0.23522333608934384
956,0.34684066442934247,0.1494311220148128
960,0.3789430912815455,0.6692453298699168
961,0.7887099202987258,0.5681369008839735
963,0.6292370404555295,0.19783135099162485
964,0.5717064155284962,0.3420572818020761
965,0.5744391096230244,0.11687275261195608
966,0.7140481181320268,0.6461920393353494
967,0.416384821166357,0.601512167353759
968,0.9501700282385683,0.47069124461945044
969,0.9300876141052865,0.22676887464889114
972,0.6814583037318666,0.1055510868864333
974,0.5667803484273295,0.6629381285078508
975,0.6602354440091698,0.2845529228684385
976,0.8804782243176067,0.6214163475697306
977,0.5892367392386639,0.45123261731679315
980,0.7919130605994296,0.07709748423765968
981,0.6118455659607737,0.6120623713274529
989,0.8708965549632732,0.6425611113901323
990,0.6989404624754092,0.31071259388111694
991,0.35690518678313976,0.7361486775818209
992,0.07032456013977062,0.53673888333968
993,0.7602004343309786,0.693607114506562
995,0.7077451326609604,0.34153190898801233
996,1.0,0.6701822340722677
998,0.1857101295072127,0.08506730365990638
1000,0.6975630448837473,0.0038526882197406982
