NODE,X,Y
1,0.5270615056589786,0.6585716728355815
2,0.8027911995774952,0.2959483433742821
3,0.9500280368892413,0.42461042441875035
4,0.5760341798002023,0.38561584961771
8,0.4553442745197449,0.4177563481201156
9,0.4003488653415731,0.045858713257913124
11,0.5763058335250459,0.23860661560846108
13,0.4434872686030294,0.5616443907417987
15,0.15729066252306814,0.4078464768354357
16,0.60741497679158,0.8791294271622718
17,0.26537018318153766,0.2759964067874667
22,0.6213437799620035,0.8038704177466014
23,0.5953143564550515,0.5132354108777394
26,0.5255199079654514,0.12210364677478718
28,0.8845180908778766,0.25633385363881867
32,1.0,0.22344963584899355
33,0.7652798643297671,0.5313517374817395
36,0.870767115531579,0.10187008023881086
45,0.3268418926664936,0.8079444779218149
50,0.5403327370628452,0.2554209435581189
51,0.30751383444170954,0.35415373407509737
52,0.6232980809904318,0.21754664620275527
53,0.4333745862758686,0.1600290969703967
54,0.6556246401578132,0.2123152604854807
55,0.23991631618971074,0.7534058766595638
56,0.1831810464625521,0.6806866419134842
57,0.6398450744795585,0.3935657294051506
59,0.3848303995439588,0.5980173552956953
60,0.92880851627641,0.10623364443237149
61,0.7199137772954163,0.29270461090991734
64,0.5416847746503204,0.573662066903105
65,0.5387134965622842,0.2158401468578263
67,0.2405429675801021,0.1543410589160635
71,0.6669746666152675,0.8737553464361028
73,0.6987083315572052,0.0019559926032206815
75,0.7289362014124272,0.36175628123501496
76,0.7109178931002363,0.6996917335439231
78,0.21893060886509813,0.47243351183681065
81,0.16620927266678712,0.3067713109657488
84,0.3907008725503544,0.4140237692398479
86,0.5263124451059361,0.3836534010785579
92,0.2561497940153435,0.5658690903668223
93,0.6564973145631952,0.5231203136443924
94,0.4258504048328187,0.6557705726749391
95,0.45690845334606167,0.1978070255062719
96,0.04712718446594955,0.31478612317018706
98,0.48797427857139114,0.09306720034282828
