NODE,X,Y
1,0.01418856115562633,0.32252227231280456
3,0.769614427750625,0.7492970392461202
6,0.18454792966697423,0.43272430530095096
8,0.30604131670248663,0.44738862795428064
9,0.5693939695601522,0.2648055401377667
10,0.5270615056589786,0.6585716728355815
11,0.8027911995774952,0.2959483433742821
12,0.9500280368892413,0.42461042441875035
13,0.5760341798002023,0.38561584961771
15,0.7818924737614548,0.8476561095631977
17,0.4553442745197449,0.4177563481201156
18,0.4003488653415731,0.045858713257913124
19,0.04062987280528181,0.0
22,0.4434872686030294,0.5616443907417987
24,0.15729066252306814,0.4078464768354357
27,0.35030773357284445,0.07713432679726312
31,0.6213437799620035,0.8038704177466014
35,0.5255199079654514,0.12210364677478718
38,0.0021138426671853815,0.13853318097051492
42,0.7652798643297671,0.5313517374817395
43,0.4543648512160536,0.8809520962484328
44,0.5036590920313025,0.34369156250184557
45,0.870767115531579,0.10187008023881086
47,0.37710415326568436,0.448908972410715
48,0.8096686129043765,0.39104271583340655
50,0.24523457735128287,0.06771431344794025
51,0.5425739195621331,0.5817648006386305
55,0.7208160795457141,0.5858436053069842
57,0.5092204722272816,0.25849453083941454
58,0.9415431042593333,0.03708343803385406
59,0.5403327370628452,0.2554209435581189
60,0.30751383444170954,0.35415373407509737
61,0.6232980809904318,0.21754664620275527
62,0.4333745862758686,0.1600290969703967
66,0.6398450744795585,0.3935657294051506
68,0.3848303995439588,0.5980173552956953
69,0.92880851627641,0.10623364443237149
71,0.5229033056331776,0.013906168403242415
72,0.1699421011254707,0.2513490642578733
74,0.5387134965622842,0.2158401468578263
75,0.7943500486503068,0.8264557821313439
76,0.2405429675801021,0.1543410589160635
78,0.9306557064107338,0.13140126756117615
79,0.5451670946256824,0.40365988296293187
82,0.6987083315572052,0.0019559926032206815
84,0.7289362014124272,0.36175628123501496
85,0.7109178931002363,0.6996917335439231
87,0.21893060886509813,0.47243351183681065
91,0.16482050931505832,0.6747103067779646
93,0.3907008725503544,0.4140237692398479
94,0.36643451955441897,0.45633695549151343
