NODE,X,Y
1,0.5270615056589786,0.6585716728355815
4,0.5760341798002023,0.38561584961771
6,0.7818924737614548,0.8476561095631977
7,0.3022543040443043,0.5420835828904614
8,0.4553442745197449,0.4177563481201156
9,0.4003488653415731,0.045858713257913124
10,0.04062987280528181,0.0
11,0.5763058335250459,0.23860661560846108
17,0.26537018318153766,0.2759964067874667
18,0.35030773357284445,0.07713432679726312
19,0.2681725767481521,0.8833021143249927
20,0.3638193299658806,0.7096481558194405
21,0.3185936930864273,0.3981929610505867
22,0.6213437799620035,0.8038704177466014
23,0.5953143564550515,0.5132354108777394
24,0.007533157319720796,0.016488974217696
26,0.5255199079654514,0.12210364677478718
27,0.638515837534033,0.2286840348836942
33,0.7652798643297671,0.5313517374817395
34,0.4543648512160536,0.8809520962484328
35,0.5036590920313025,0.34369156250184557
36,0.870767115531579,0.10187008023881086
37,0.37081442080023536,0.1760019975988324
40,0.5142610622858508,0.32892084540290883
42,0.5425739195621331,0.5817648006386305
45,0.3268418926664936,0.8079444779218149
50,0.5403327370628452,0.2554209435581189
51,0.30751383444170954,0.35415373407509737
53,0.4333745862758686,0.1600290969703967
56,0.1831810464625521,0.6806866419134842
57,0.6398450744795585,0.3935657294051506
59,0.3848303995439588,0.5980173552956953
61,0.7199137772954163,0.29270461090991734
63,0.1699421011254707,0.2513490642578733
64,0.5416847746503204,0.573662066903105
67,0.2405429675801021,0.1543410589160635
68,0.8525930087741935,0.4832970337780509
70,0.5451670946256824,0.40365988296293187
73,0.6987083315572052,0.0019559926032206815
74,0.3149173792549676,0.2109226009937732
75,0.7289362014124272,0.36175628123501496
77,0.45979661827921803,0.30138145690519913
79,0.5971440562632566,0.3163927622536113
85,0.36643451955441897,0.45633695549151343
86,0.5263124451059361,0.3836534010785579
88,0.6087544994793537,0.38154168251137566
89,0.17319251842189995,0.35071080624367573
90,0.8024493936503571,0.6191031774736153
92,0.2561497940153435,0.5658690903668223
94,0.4258504048328187,0.6557705726749391
95,0.45690845334606167,0.1978070255062719
97,0.2908637146613069,0.7724658579483636
99,0.8250099256238397,0.6865220720581244
