NODE,X,Y
2,0.7858104336226714,0.6171647537262995
3,0.3346022713248622,0.7686636139712756
5,0.7909656960664303,0.20433691815500313
6,0.676492752567644,0.3202566501028324
7,0.4550200630494291,0.12930555406505967
8,0.5574549731938455,0.422812017310329
9,0.8986643285568514,0.08991783982019481
10,0.16643308034699508,0.6393532935206897
12,0.7551629073129206,0.8454663663981552
13,0.8127296895759072,0.7558404218071014
17,0.4948201413486929,0.13119564802071043
20,0.5607357915678408,0.44913452694421413
21,0.935594025870137,0.37766834718059256
23,0.839114748107186,0.14075051604547903
25,0.6187148781454612,0.21288897439909238
27,0.3410048540330493,0.14053606964179918
28,0.1703719673049899,0.05401733969815339
31,0.7013239723459146,0.15690667865458485
34,0.45520482649410154,0.151063646029071
37,0.4734797517286566,0.34083687950074176
38,0.34714686641068,0.6181334369159647
39,0.5444743700730723,0.14424085721249996
41,0.6433607347814242,0.7715638735596034
43,0.9611541850275912,0.9131096849590178
44,0.5983869306948713,0.5613696416978717
45,0.8619602568749499,0.7572952471230202
48,0.9795881688991628,0.36086685051907147
49,0.3941035920055882,0.828762639481748
52,0.47422062434109047,0.24860354752123676
53,0.9970388239081979,0.40101569915751595
54,0.4531502868042088,0.7983047173026161
56,0.5245477524568326,0.07006165972750025
57,0.4623978110318647,0.3052765837971962
58,0.0,0.5088343047323075
61,0.25981517893892797,0.5690239447980248
64,0.0062453667887883155,0.43711786110685996
65,0.8331852006602847,0.30649376826384606
67,0.3588078231577181,0.23627395895447476
68,0.3241829645752439,0.4497295830809173
69,0.6188097605684281,0.29721666508110434
71,0.19477251510728188,0.31685130068508743
74,0.6745819838890703,0.8894878894175102
77,0.6032144714630687,0.5580060569163251
78,0.30625882971055546,0.7749761094985769
79,0.9832709441450188,0.537177557119638
81,0.7834821313359472,0.45291131261253303
82,0.9624836163773323,0.8289748994443837
83,0.36233737406338673,0.034847481033056814
84,0.6795547080409525,0.0
89,0.5053581391379532,0.29411468936062046
90,0.8443406045164964,0.2897802376423116
98,0.39035168737226905,0.06732172635102508
99,0.44620158969232343,0.4138389666338535
