NODE,X,Y
2,0.49386269192570015,0.1903229871708286
3,0.4624616306997312,0.39128632667572144
4,0.5065330518489851,0.4057448969825733
7,0.561195271177536,0.5269519409464063
12,0.6373144014558247,0.24099248788288158
13,0.5841473560469175,0.3136124956739134
16,0.45407657419418895,0.6364921385908971
17,0.7240804112321122,0.6166871522226313
20,0.9293998395057977,0.22452854670701086
22,0.42309520600369155,0.12860364515325576
25,0.6472799751247574,0.7171045977732711
30,0.49409892361903723,0.46669868054773267
33,0.6185244519618937,0.5967945678242952
34,0.9615219134339784,0.11521456909438703
37,0.2854612714854354,0.1359576884736858
39,0.7112827756865947,0.19226211257832262
42,0.6868252481862094,0.3173845969814189
43,0.5634669367572703,0.2802681178167721
44,0.33719171787145813,0.4182300618408669
45,0.7312086614070822,0.2125864075238639
47,0.5511235425127538,0.3907381505237464
48,0.27649200884724245,0.24719729685946654
49,0.6403827461688794,0.6379273412456714
50,0.32423325712222595,0.36795517968309077
54,0.3839739894815803,0.14166600599549092
61,0.3582008061064945,0.24530777309772486
62,0.6003020901090239,0.39109105301453745
65,0.48426825072083707,0.2854116860920669
69,0.45203929022521466,0.15878006324666294
75,0.5029516224377262,0.4466103478595065
77,0.7024426751100297,0.5940949583430671
79,0.4509470897120415,0.6304395217358989
80,0.48315810839797113,0.4978061869858514
81,0.635430657892926,0.51114629935783
83,0.8266748340722789,0.31614056531383194
85,0.42325600891656606,0.5457513251661984
89,0.8823955278853757,0.4152836069878173
91,0.6426870512111265,0.17277741984456563
93,0.5417819231863743,0.29573050617463764
98,0.8434977680881545,0.23867686976373434
100,0.5769589881295347,0.29740912892884697
101,0.6486051780072644,0.08991460302344159
102,0.846679617075784,0.0723069181565242
105,0.3256120275861211,0.37981755977066745
106,0.7691926289399185,0.09266560532772523
108,0.7619773708363826,0.34973275455851416
109,0.7975979118923758,0.24152286551441743
110,0.487060375118345,0.7220695381376294
114,0.40050073625873256,0.35370922438032104
116,0.46034406944514483,0.3127668289680531
117,0.7175153742414947,0.6079811536877467
118,0.3834734172056844,0.6393011520856231
119,0.6480751669469246,0.7503596947194149
120,0.7126796888268419,0.4670045134732974
124,0.49806580920904886,0.28356326304951834
125,0.9090209160736732,0.39359122414157505
132,0.4710811271156059,0.24148769969381348
133,0.6584564037745602,0.5287227173092289
138,0.3980005804416028,0.3896748681248818
139,0.7884427453121954,0.5054512608675663
141,0.36237452415112414,0.12749408646056568
142,0.5410915974786139,0.521121348319271
146,0.5522613147279488,0.3795903977399378
147,0.5749080601941585,0.6752686455436324
149,0.5686701667916896,0.29577187082111767
152,0.5307744638616939,0.09524713291806292
153,0.9137198968334932,0.27537848988202024
154,0.4769161611801886,0.6105690494592575
158,0.7712107995995753,0.5301355156152653
159,0.9253680879327999,0.08406520469993892
160,0.4007687212719456,0.296999611388362
163,0.9027650015382098,0.18537333400864348
166,0.5233529990914155,0.3503784678449968
167,0.9890187536101652,0.4531533522312657
168,0.7913556057768019,0.6483869869387949
169,0.4855476871381155,0.6602586291614158
171,0.2454724011639179,0.34256540697447707
173,0.8560607685401713,0.18761602572259295
174,0.5360677787750271,0.406916933189743
175,0.9140678299346239,0.31843190431996815
177,0.9203558623359437,0.26327292121611084
179,0.9418235686409261,0.2687445553412031
180,0.9543799492885838,0.2276090233288335
181,0.9213266452956771,0.46321424299123715
184,0.391875279339366,0.3014818678522485
185,0.6653217123118893,0.4149084148953552
187,0.605063712454145,0.5126227932251499
189,0.3666224414322449,0.3415711197384483
192,0.8949670475100454,0.07974467140320397
194,0.904781843926166,0.7012623960727614
196,0.24096492834435704,0.2338965887299345
197,0.6947910774010075,0.4997029900092114
198,0.7471473342735476,0.7341042419017483
199,0.6847733082049766,0.27153778674961887
200,0.30419149914173893,0.31653913291665875
203,0.6401251098519113,0.15782262196628621
206,0.7549252866233485,0.26299718361610397
207,0.695632442404416,0.5061108484810994
209,0.6888036040750711,0.31828930301974345
210,0.6555098206054093,0.19889936086826335
211,0.44287980661795245,0.48542365717748015
212,0.7522246788309783,0.07376248192640489
214,0.5487767383518023,0.5783194083106068
216,0.8742709533346791,0.39369221849152813
219,0.2695562774428813,0.332506322733608
221,0.49240998401573716,0.5283124667624723
226,0.32779756405834604,0.2586082910706597
227,0.7978861500394159,0.6135842270804092
234,0.5611884836413435,0.5261270326967358
235,0.6389313622385452,0.5755604232111683
236,0.8619377837405648,0.07097889879516568
237,0.635987281585674,0.3280719636135745
240,0.3754212317464934,0.5199761942682852
242,0.722393492348076,0.22262506852270722
243,0.612543011242278,0.09372214983185023
246,0.8315688999203577,0.7703825780145764
247,0.5711584555819349,0.11784550466295901
250,0.25592096957882465,0.26810238373209133
251,0.47322930376371053,0.6690336479794855
253,0.62616003744496,0.6447416543425157
255,0.9624622386259319,0.6389705980516374
256,0.292321573521804,0.2321848983700808
257,0.5999969908537418,0.6191041110548613
261,0.33488178987383627,0.46060246949587874
262,0.47060752302809883,0.18139992697507037
263,0.4810104995682771,0.5336588706001396
264,0.7154373793675128,0.685527934666087
267,0.44888291864205393,0.5018756078216563
273,0.987204906442434,0.18774735550446753
275,0.516734832402071,0.12181319635000416
280,0.6574237963950742,0.1510566478559557
281,0.6730556086467693,0.4450142131523281
282,0.5147213300431938,0.2607330980649894
286,0.36103459550139544,0.31340970742260577
289,0.9732057986827071,0.39296597659671834
290,0.8441955408458074,0.3946360293905699
291,0.24864801914507587,0.4101500422152252
295,0.8281601019070981,0.7677673023004734
299,0.7754003899537806,0.19003152777430588
301,0.5736163196624753,0.6895584906398984
303,0.5636244515833474,0.25217473018755804
305,0.8079925122353879,0.6355204781400949
306,0.5306043284517619,0.15102022210264576
308,0.3675948437232156,0.4446670156746273
311,0.7560498223668388,0.584058818954575
313,0.45554267282841326,0.7334708933772819
316,0.7353549775966188,0.7044257298024046
317,0.4656687421726035,0.3871830564582273
318,0.42344806338317736,0.13734761909988985
320,0.5279250377936315,0.10370468305695964
321,0.5090963875480697,0.4887813539142598
322,0.3732990473097165,0.5892394203167537
324,0.7617910555502102,0.3107937709763283
327,0.604824286917473,0.18200597454611125
328,0.9197486424178011,0.6464136301774589
329,0.5786219541532045,0.38690617884754736
334,0.5688176588393955,0.5672646418794283
335,0.652321320889049,0.12009316684928902
340,0.7115985541304247,0.21120079094007357
341,0.8759124387715718,0.44214954926477396
343,0.6330566476301024,0.4834652159655356
344,0.9709515561752708,0.20138385719691157
345,0.33842753636880857,0.4548986385827931
346,0.3763079673191898,0.31659617321359124
347,0.4415139069866942,0.1263522975091385
351,0.3308197409374729,0.42252016385268615
354,0.39429802695159577,0.542885778754549
355,0.5896636026714258,0.1285778628613867
357,0.7668338547739038,0.35394681811236234
359,0.5825464805689484,0.23032651341710128
360,0.7429095990838593,0.501288514687201
364,0.7931868805713935,0.7546198419107619
368,0.3964639285913604,0.44826486284181105
375,0.6436433558331813,0.41189160591578877
383,0.5500158069250296,0.6750809402556396
384,0.7984946352900684,0.616187330501676
385,0.2732519514134994,0.18109440721238917
386,0.2628258684104262,0.4488665453414972
389,0.5381700781358801,0.17036162931559645
392,0.46020929293526514,0.48031045792117083
397,0.31464368877643273,0.4177121805827427
399,0.3664438335940443,0.4675636625133691
404,0.9121634483098275,0.3410411961559572
405,0.3867375966834374,0.309213321907806
408,0.6946071840443443,0.5064121799651328
410,0.2387008682505594,0.3792173284048509
412,0.7353832361384166,0.19435101384209635
413,0.5461757714786611,0.4041710689175572
416,0.2530310355352052,0.39455046330865945
418,0.5577027497179755,0.3787854142618525
421,0.6470027059969604,0.5298393150224021
422,0.9852043044123027,0.7120937001065234
424,0.4695208652500184,0.5985513252444294
426,0.5427905623231131,0.5698012966954419
427,0.6141662317723456,0.2105580838783467
429,0.6510922528670965,0.36224372759691975
430,0.7650733345712271,0.31584894919747325
431,0.5134360968172375,0.691573825068132
432,0.5887202803427408,0.499424231435768
433,0.4054321113609346,0.4835762579532796
434,0.9677832168166935,0.40837429558427984
436,0.7206964003884091,0.5588005430066519
438,0.5909147662515623,0.48003509588632937
441,0.8809007786383514,0.38868205810516454
442,0.5610711042021559,0.4098892327754057
448,0.7362146147188656,0.500406235323872
449,0.2546712098122437,0.43328520069039644
450,0.6362631502513804,0.2708707821180357
451,0.3589261749930956,0.5153459137127346
455,0.5424358278172096,0.658501862596277
456,0.6567460023998005,0.4199590857976641
457,0.9016520208368637,0.2552777348354878
458,0.7136882810184841,0.5865033268257495
459,0.25812187429924566,0.4248449113897157
461,0.2559714346060027,0.22580865134699982
462,0.6738776161382424,0.3992045545081192
464,0.43208376423381734,0.34983066416464587
466,0.5330353826319865,0.6384528857289641
468,0.4106413453502484,0.47024088146505183
474,0.7044006246788296,0.3950530843416628
475,0.23098612233961144,0.29009323267536713
476,0.7135905367812706,0.3474110696658901
481,0.6146168895498654,0.46296867164975963
482,0.8312819124703363,0.16077608400605714
484,0.9197689408704476,0.23428748506561864
486,0.36699219833721225,0.5685735864578902
488,0.8565269429529323,0.6621218998365387
493,0.5717850739680217,0.28845389778879604
498,0.5765542060905879,0.16876286483195332
501,0.34605711572271447,0.2699652762710991
502,0.6602867280046637,0.08019695390159062
503,0.36785888094105773,0.39763954641721144
504,0.5737635846468692,0.42140356269796264
507,0.5386819504528315,0.35106308923206225
509,0.5741133683618012,0.1512474394567006
512,0.98667774689612,0.5380604802757148
513,0.8344510973594074,0.6265347047393532
514,0.7606626764546723,0.6353938352166059
515,0.5880556323793931,0.43597547789925034
516,0.8086464582425406,0.2885048053449785
519,0.5203852433227689,0.3686120629856997
527,0.42722397422766833,0.13939590360313064
528,0.3310217372295238,0.24228124149513322
530,0.48791410293008297,0.211372418007725
531,0.9383453873920388,0.48859435084087666
533,0.23967801526089264,0.1936114103794691
534,0.7023238901210379,0.5351532378754544
536,0.32313559621102683,0.4544386135259548
538,0.39174922600346107,0.5444571814311053
540,0.5611874953602586,0.4185524246381787
541,0.9191887828200581,0.4066663142451939
542,0.5464960691498234,0.2735924075999241
544,0.6778615639160844,0.36433601155466716
545,0.2762949010924692,0.4369894322737991
546,0.8761383987184519,0.12586205854302157
547,0.6702471299418229,0.6041410639835078
548,0.37733137604073314,0.420870850234558
550,0.7967197161139434,0.7678825981878638
554,0.7434753805849286,0.3648699845962708
555,0.7656941899456424,0.32874565766726116
559,0.33806973300557636,0.47724131485239335
560,0.47939194373802135,0.38681244421972427
561,0.36838866345322807,0.4472204216946132
562,0.641550212888074,0.7468185642321762
565,0.6819282560365199,0.18889055357182702
566,0.7506891853491121,0.215259508382287
568,0.5166012616202685,0.20284976614922595
571,0.5849907616439258,0.1769232423453741
572,0.8474021813798127,0.27952792538129945
573,0.6175224646602496,0.25700636413430056
575,0.5944857736939093,0.5685651338624511
576,0.4495978884333537,0.24482727445237182
577,0.7462634755195788,0.27322226948464695
587,0.5121121029378688,0.3719380454781115
588,0.3959699176735903,0.310685892689585
591,0.2800016527861427,0.2928913042585694
592,0.950006977653841,0.7515293949952311
593,0.3898573259303059,0.6248679606000904
595,0.5766632676613945,0.30825598610080907
596,0.9812035111755028,0.7315639234321916
597,0.36888133534690026,0.4053312713684418
598,0.7611914246581832,0.16957544245797482
600,0.5187527368436708,0.7168915576243491
601,0.9726203929239093,0.24121735062347607
603,0.3380808540711034,0.2591685855486869
604,0.7388726973275669,0.25018454122684813
605,0.2524605247380058,0.22008455703775429
608,0.5760443134699682,0.7126497335373092
610,0.6354380648801288,0.4767293170787565
611,0.8079088054864059,0.4480290928441771
612,0.32674658825523245,0.2313567360504274
616,0.8789983710817957,0.37962780233777915
619,0.9623018272297312,0.7116806914297024
620,0.5149166804720295,0.384735662082192
623,0.5301035060816648,0.35419840134129577
626,0.9747108587122901,0.7284717247429497
627,0.4141684069351085,0.2776567471035379
630,0.3796459258557762,0.368413313630643
632,0.7932078740255958,0.35419907000568474
634,0.6630258194717061,0.2900122948968898
636,0.581567080790917,0.19169751072681995
637,0.725847988329713,0.20454268677174828
638,0.8941270825204974,0.07616395375647113
639,0.6900509323624191,0.5104180220725393
641,0.5966716453479831,0.5975640227596442
642,0.696925294241873,0.6994850204911376
643,0.5534029462028035,0.0943925244012027
644,0.43241240437873,0.5024050150063517
645,0.5204789799294256,0.26527886858503386
646,0.5107966267156954,0.6798645817190494
650,0.5227156623665643,0.13611816106174857
652,0.2838858216025752,0.24461321303254266
655,0.9680342362932366,0.1160800916353842
656,0.845958564102848,0.6372044291006503
657,0.29294558031416135,0.19227975169887154
658,0.6581631041984924,0.273150804845127
659,0.3504172916734212,0.43119463803881264
660,0.2897122613127219,0.19165404719645546
663,0.9039208656845414,0.10637933597689535
666,0.5772378241377243,0.3266228257370057
667,0.8070528618643059,0.45459257352840143
669,0.7001070499820276,0.4700318879279664
670,0.6101838501100858,0.23864542811878203
672,0.7584344310252359,0.10861587696169349
673,0.3493398116712244,0.4952111596545018
674,0.8896033684571727,0.07494058007901497
675,0.44424272890694294,0.44454492404620366
676,0.4010788225287948,0.379039588784591
679,0.514417880958927,0.5638255792930887
680,0.8913112321469977,0.39708589187599574
684,0.47892351153496077,0.5827194629626238
686,0.8944481501731495,0.19201226309407854
687,0.6793299027745581,0.2244485977242709
688,0.23453371244627552,0.4479231920068145
689,0.5981769803465643,0.27692857582828534
691,0.5509243326463227,0.47448937951662445
692,0.4510988399738184,0.29389347333482435
693,0.45451444505734406,0.16365490554206724
700,0.5954172134171838,0.4731675523140537
703,0.9361469565555481,0.6719451110969127
704,0.558540652900909,0.2429069207528339
707,0.30778666819777295,0.46244080055986475
710,0.8894606533164581,0.6331592721536405
713,0.5460801999358906,0.13457996770663105
715,0.6375926976231143,0.2660393768198381
720,0.6541851098529512,0.3311100656478787
721,0.48477974883338426,0.6222528648079999
722,0.9348684744163756,0.723745970735729
724,0.5934294439779961,0.0756863192951554
725,0.7085916951605009,0.37897405053570854
726,0.7119805950783712,0.6833251471467795
727,0.25753548236123297,0.3547465448130726
728,0.5167065362879093,0.7476474317581985
732,0.33767807236863673,0.19299164155748685
733,0.46902584319007795,0.4738414154476363
734,0.4274020425262492,0.4564475748470123
736,0.6292848918253198,0.7347363194491767
738,0.7652766512203765,0.21827287916858462
740,0.3856072615919407,0.5472637780748055
742,0.5432925312614238,0.14234690062554933
743,0.26878497995129425,0.2537237995812314
744,0.6142492849436852,0.6093268368505026
746,0.42237921205168083,0.5332665258142628
751,0.5692920723721637,0.08809938479972042
752,0.7631547994505925,0.09520372426211902
753,0.9748722087540387,0.2016087857825715
755,0.8318923814499078,0.6257649754617306
756,0.9226928451091431,0.450432466920047
757,0.5639159381708535,0.5684505144112642
758,0.8889414091527867,0.3301926489594423
759,0.614230754159355,0.43413169566213466
762,0.9371035767748921,0.5249911652415067
763,0.7528221362624224,0.6117669279258644
764,0.363876760699669,0.1203201916467567
765,0.8892864187364744,0.19873570111915767
768,0.8493229503067063,0.12853023905757535
770,0.31730769298887573,0.37388951056049324
771,0.7732774274119136,0.2000834936434879
773,0.40420883083100184,0.5169396530653576
774,0.2919914808714117,0.3381622619064782
779,0.37613033917652383,0.13150207251373522
781,0.3364085328476482,0.2859727593494852
782,0.4205504839394424,0.721691131308173
783,0.48656477509283547,0.5061611450329653
786,0.6979298453839252,0.6553013744540425
788,0.48640030294245445,0.27734918759290306
789,0.49745690242030494,0.3017275733557994
790,0.7914533393128174,0.5487553665749166
792,0.8997318246263077,0.19013606953776538
793,0.46003906523490207,0.38543310792438384
795,0.7217720749460728,0.20836740830161296
796,0.9385582681968561,0.6749745447787868
798,0.7496853647721047,0.7031668105238388
800,0.34299428140711,0.5479648493556897
802,0.4868672685927102,0.09281147589944914
803,0.24895026933948677,0.45368903900195706
804,0.6380162122639281,0.7282075281301695
806,0.7639394275096067,0.32525753852774775
807,0.3911222143345839,0.3849352354616952
811,0.8062107175613814,0.326768100215652
812,0.6351899948031824,0.3699790152378251
813,0.6103719853937508,0.5290937943933399
814,0.8631551413892972,0.7401375047095428
815,0.855685401894226,0.42069740394674954
816,0.5230856521756516,0.4383483506755449
818,0.7520675655094319,0.16289663073637756
822,0.39349134771723493,0.40597561667534526
823,0.48800739018645156,0.4846164130624554
827,0.9852080408301036,0.3963159950322197
830,0.34346083852954834,0.1990881586069398
831,0.5103691276004276,0.3622699715923732
832,0.8894085376355997,0.43601622360488274
836,0.39447006213968605,0.10202540874290465
841,0.7646154480218857,0.7354987361515526
842,0.9311429621625554,0.0778748088482218
844,0.4751925171095477,0.31605210339275147
845,0.4848277964459394,0.2835081235151699
850,0.837196739449309,0.11357941295410183
851,0.358594503619389,0.23156706406635574
852,0.6028825100732911,0.45411326702311067
855,0.47618200392566706,0.4535537944172315
856,0.6488640043043077,0.16976500794816685
860,0.298255283973193,0.29842055864667516
862,0.9887322587274393,0.6107190266158202
863,0.7540592488553763,0.5902659026618067
864,0.9620734428548459,0.33981506378295084
866,0.5135247160208068,0.08112055178437483
869,0.6813376426782697,0.39689610091396776
870,0.36922323343856,0.4357131659301124
873,0.2346635576754978,0.20973484311007276
875,0.5113775249508599,0.07755891626352733
876,0.3358546909428287,0.6065557984276104
879,0.5521689823872015,0.5738032903007503
880,0.27157909126013374,0.22579848273258948
881,0.5838358665450765,0.6464601885626728
882,0.9421353119391784,0.7358694729616885
883,0.5384593328945926,0.5273207836137203
884,0.9070965984825798,0.754719835368603
887,0.5037741832694549,0.5551434719564725
891,0.4266864947041913,0.39991960755412326
892,0.5820431646395434,0.08586043257674521
893,0.55268625300189,0.11666269159828013
894,0.6367509552440076,0.28928400211398614
897,0.8947320482287089,0.41875684306979655
898,0.8730505100881546,0.30665691074744167
899,0.743768493555998,0.6597221179222291
900,0.5719575289805388,0.6038917346671948
901,0.6416274985542838,0.49464895904950407
903,0.3271900770667114,0.24967649982879475
905,0.6327378600963391,0.39844469727179865
906,0.6767419255081389,0.21244122968333237
909,0.6653012369598594,0.36751917575518317
911,0.8607782695265278,0.6086031213355779
912,0.7188304362624185,0.28222017929680665
914,0.9776905599961518,0.679230080412136
915,0.794275361213011,0.6374475487284678
916,0.4909637731630809,0.5602616961983166
924,0.9594976450882661,0.11898331932135207
925,0.7472658165239112,0.18415795078219216
927,0.4363354560301224,0.12433714443283717
928,0.7786217475166494,0.30970726734705706
929,0.468867513079589,0.44080955749855494
934,0.4314065578781834,0.11773942484228311
935,0.9772046293594752,0.19326103554482726
936,0.4102509621057546,0.5460214466267764
939,0.9053018331534627,0.39563127668342585
941,0.3014250170472277,0.40306984556167863
942,0.7593926865206003,0.731322923784268
945,0.48600479579687594,0.37512490334225757
947,0.7523502313051241,0.16669192487070902
949,0.7745072741402255,0.5764946868058445
950,0.6207632667971418,0.424214793511571
951,0.7807788686319331,0.5924218382400643
954,0.8368339235339227,0.41236306796957795
955,0.7773366155063395,0.23522333608934384
956,0.34684066442934247,0.1494311220148128
959,0.8276073387198857,0.12266221951420302
962,0.46678873819945566,0.6778555956305845
963,0.6292370404555295,0.19783135099162485
965,0.5744391096230244,0.11687275261195608
966,0.7140481181320268,0.6461920393353494
967,0.416384821166357,0.601512167353759
968,0.9501700282385683,0.47069124461945044
969,0.9300876141052865,0.22676887464889114
970,0.48370255233203135,0.08659939430578871
971,0.3541916866497154,0.41716784402780627
973,0.7182814955841382,0.4897835711666688
974,0.5667803484273295,0.6629381285078508
975,0.6602354440091698,0.2845529228684385
977,0.5892367392386639,0.45123261731679315
978,0.8722730157796049,0.32900226659855836
981,0.6118455659607737,0.6120623713274529
983,0.3471006869792741,0.5093698116622596
984,0.42986843570837285,0.1392678587843746
985,0.9112619822859132,0.07312957064434797
988,0.0,0.18915911830113652
990,0.6989404624754092,0.31071259388111694
991,0.35690518678313976,0.7361486775818209
992,0.07032456013977062,0.53673888333968
993,0.7602004343309786,0.693607114506562
994,0.027205885147353222,0.7195876495759804
995,0.7077451326609604,0.34153190898801233
