NODE,X,Y
1,0.8715902099763028,0.1554570782097501
3,0.10024265489947859,0.5852413159217749
5,0.2346148552558434,0.6709419213961411
7,0.7969612347272494,0.41549742410413176
9,0.581818679482248,0.8971710033111847
12,0.24778405740090023,0.2954588387142989
13,0.5222164921477276,0.6266821896135355
14,0.4495598183183451,0.2623216072241192
16,0.7079769939249403,0.6795257041659011
18,0.9567534246471734,0.008542546629812596
19,0.46831785290918093,0.7512946476613496
21,0.7921941090131889,0.21404516547425298
22,0.7750933074205815,0.527185299968837
24,0.8004168651518369,0.7446004270062051
25,0.06463905521815774,0.25269572838929266
27,0.3885659472432082,0.4511287144281983
32,0.6938151047106718,0.10092382245943
33,0.41930465279568924,0.2025365242079907
34,0.7234495390683366,0.23705833353783456
41,0.37649751409858795,0.8784265339218112
42,0.041073347943555945,0.4526475564314331
47,0.8456851810096823,0.0015299534472222542
48,0.45548300758592375,0.6193092182702459
49,0.6413392792524165,0.7370567868770621
50,0.18132141941677182,0.7210612723427596
51,0.336821460214938,0.12328672998194021
52,0.45014035166959043,0.16633716633045276
53,0.6681368996246484,0.3194879235726591
54,0.30654824996561314,0.5997763605649213
58,0.2087089402905828,0.3541627729971712
61,0.3424476927582816,0.6963685770323769
64,0.8457605672953483,0.04026667710904733
65,0.3477268054577562,0.38110421858815235
67,0.33765403002607375,0.6470495171742644
68,0.16329438739989813,0.2302718533521498
70,0.8811425462589564,0.08004622491416559
73,0.6270906910574049,0.7077690397342048
77,0.3493563978784403,0.07717319132958542
78,0.3458462263205944,0.906657703140618
82,0.11934636083134932,0.6391397034371119
83,0.1632241135107836,0.2501240838219172
89,0.9753227364064324,0.9335164546509209
91,0.19595830999507263,0.8179486126721377
92,0.730486728143568,0.6871285083846133
95,0.42669007888301286,0.009089239015408961
96,0.2031502835845573,0.5708977536636264
97,0.9932578429438166,0.853663542839406
98,0.1252791844755561,0.7108956863151049
100,0.507365007099837,0.4335450611822604
