NODE,X,Y
2,0.5396401267458686,0.7391684395896558
3,0.4819533135099816,0.5163979139918442
11,0.9537223589050731,0.5397613174825806
13,0.19604409028267916,0.6020283607824501
15,0.8106121571002489,0.9183627147319751
18,0.1977561383722819,0.5796923888940425
20,0.2424906888607244,0.663735152589167
21,0.7282943268885603,0.4497565092588628
22,0.8529650957548733,0.41214277974903907
23,0.4775997669942132,0.8245402547722398
24,0.40020630469014284,0.6571880823407098
25,0.2390329654240313,0.4581555146269447
27,0.8299456123753955,0.9273465856798455
28,0.17159507603914664,0.3209512507329915
29,0.957980044223139,0.3703070702667794
30,0.24147953473606673,0.09292726567063214
31,0.1601211014612505,0.4718102980763546
34,0.6331500068693527,0.18373693077316972
35,0.1579642550019836,0.1788889667399796
36,0.4988967072830524,0.5936564081797456
39,0.446337470539092,0.8550435297340816
40,0.4743129623297578,0.3075692321414198
42,0.33442433567699614,0.001582749874024995
43,0.8829415122957243,0.1030371204383046
47,0.6126249969879949,0.5731946424793767
49,0.6835022630536979,0.055584773826233023
50,0.0,0.521969935006039
52,0.721922299375187,0.5908000237186439
53,0.26212529528568,0.18053734296178867
55,0.02602789506052768,0.3674203267075974
58,0.8575514655490338,0.4035790861357645
61,0.3243575348456014,0.4153184556759135
62,0.5085724527835401,0.2654429041427777
63,0.5680710146093447,0.0
64,0.7011199706567963,0.7239253596245531
66,0.5743521725575197,0.5611245247871356
67,0.31472435612574595,0.6956268736926106
72,0.7914464777551431,0.5017582299815528
74,0.37657172086194357,0.016853408650637346
75,0.7596163383874932,0.7301932059634546
76,0.5452740821362791,0.10993568628927317
77,0.6012996736917356,0.5826261578629657
79,0.40625824411223604,0.23280399275832647
80,0.8571193074013275,0.29855445852414925
84,0.991708749172992,0.023959608375952183
86,0.3844857299222127,0.5350192771700799
88,0.22567423130882444,0.26680473369155466
89,0.7783570002033675,0.8011933903210596
90,0.17423047018483978,0.4015921756814561
91,0.22846432365765507,0.5965489153181157
92,0.40910339972760296,0.37898997205361734
93,0.19106072223822598,0.044252878982660136
94,0.8753014580558821,0.8378457891495441
95,0.6520234282186388,0.6720935544141731
97,0.30560058750570884,0.5224358836708342
98,0.4809502551561102,0.38102894272706084
