NODE,X,Y
2,0.5396401267458686,0.7391684395896558
4,0.6953589367044932,0.1740516443656541
5,0.7601137006063005,0.12398295978154966
6,0.18956005272474374,0.4341711325582695
11,0.9537223589050731,0.5397613174825806
12,0.37923424315596616,0.33734550583717393
14,0.10091074856659107,0.036227359620227655
16,0.948021721786102,0.508191373346526
18,0.1977561383722819,0.5796923888940425
19,0.9893549259205047,0.02046561689487607
21,0.7282943268885603,0.4497565092588628
22,0.8529650957548733,0.41214277974903907
25,0.2390329654240313,0.4581555146269447
27,0.8299456123753955,0.9273465856798455
30,0.24147953473606673,0.09292726567063214
31,0.1601211014612505,0.4718102980763546
33,0.08757641627962262,0.24017234887763503
36,0.4988967072830524,0.5936564081797456
39,0.446337470539092,0.8550435297340816
42,0.33442433567699614,0.001582749874024995
44,0.05784853781185491,0.37061888952852035
46,0.6318814802838204,0.5577781121800142
47,0.6126249969879949,0.5731946424793767
48,0.5561150943486209,0.8663755816026708
50,0.0,0.521969935006039
53,0.26212529528568,0.18053734296178867
54,0.904981047395294,0.7786415869945317
55,0.02602789506052768,0.3674203267075974
57,0.3758238869775236,0.7694507201853892
58,0.8575514655490338,0.4035790861357645
59,0.09881687822109723,0.19486264467823064
60,0.5577234150689944,0.5130467886876603
62,0.5085724527835401,0.2654429041427777
63,0.5680710146093447,0.0
64,0.7011199706567963,0.7239253596245531
65,0.8457632713415698,0.058843471190922134
66,0.5743521725575197,0.5611245247871356
68,0.78957860363732,0.6220927829009699
70,1.0,0.4091555611197258
71,0.7835143971579878,0.26715801826518093
72,0.7914464777551431,0.5017582299815528
74,0.37657172086194357,0.016853408650637346
75,0.7596163383874932,0.7301932059634546
78,0.5068530476079451,0.47953149698411734
79,0.40625824411223604,0.23280399275832647
83,0.6330501652624717,0.4043657649691665
84,0.991708749172992,0.023959608375952183
85,0.4066477454163768,0.3809894929013478
86,0.3844857299222127,0.5350192771700799
87,0.8691478179603508,0.8473461500568419
88,0.22567423130882444,0.26680473369155466
89,0.7783570002033675,0.8011933903210596
90,0.17423047018483978,0.4015921756814561
91,0.22846432365765507,0.5965489153181157
92,0.40910339972760296,0.37898997205361734
97,0.30560058750570884,0.5224358836708342
98,0.4809502551561102,0.38102894272706084
