NODE,X,Y
1,0.5270615056589786,0.6585716728355815
2,0.8027911995774952,0.2959483433742821
3,0.9500280368892413,0.42461042441875035
4,0.5760341798002023,0.38561584961771
9,0.4003488653415731,0.045858713257913124
10,0.04062987280528181,0.0
11,0.5763058335250459,0.23860661560846108
12,0.35252175812067443,0.46926821209428116
13,0.4434872686030294,0.5616443907417987
14,0.4528249915618033,0.6724282385162242
15,0.15729066252306814,0.4078464768354357
17,0.26537018318153766,0.2759964067874667
18,0.35030773357284445,0.07713432679726312
19,0.2681725767481521,0.8833021143249927
20,0.3638193299658806,0.7096481558194405
26,0.5255199079654514,0.12210364677478718
27,0.638515837534033,0.2286840348836942
31,0.8817567620242882,0.15043899979642905
32,1.0,0.22344963584899355
33,0.7652798643297671,0.5313517374817395
34,0.4543648512160536,0.8809520962484328
35,0.5036590920313025,0.34369156250184557
36,0.870767115531579,0.10187008023881086
39,0.8096686129043765,0.39104271583340655
40,0.5142610622858508,0.32892084540290883
41,0.24523457735128287,0.06771431344794025
45,0.3268418926664936,0.8079444779218149
49,0.9415431042593333,0.03708343803385406
50,0.5403327370628452,0.2554209435581189
53,0.4333745862758686,0.1600290969703967
55,0.23991631618971074,0.7534058766595638
60,0.92880851627641,0.10623364443237149
62,0.5229033056331776,0.013906168403242415
64,0.5416847746503204,0.573662066903105
67,0.2405429675801021,0.1543410589160635
68,0.8525930087741935,0.4832970337780509
70,0.5451670946256824,0.40365988296293187
71,0.6669746666152675,0.8737553464361028
74,0.3149173792549676,0.2109226009937732
75,0.7289362014124272,0.36175628123501496
76,0.7109178931002363,0.6996917335439231
77,0.45979661827921803,0.30138145690519913
78,0.21893060886509813,0.47243351183681065
79,0.5971440562632566,0.3163927622536113
81,0.16620927266678712,0.3067713109657488
82,0.16482050931505832,0.6747103067779646
83,0.4540477837273312,0.41843685156448435
85,0.36643451955441897,0.45633695549151343
86,0.5263124451059361,0.3836534010785579
87,0.4307246735503085,0.719305489886884
88,0.6087544994793537,0.38154168251137566
89,0.17319251842189995,0.35071080624367573
90,0.8024493936503571,0.6191031774736153
91,0.29785626600583237,0.7598527708413891
92,0.2561497940153435,0.5658690903668223
95,0.45690845334606167,0.1978070255062719
96,0.04712718446594955,0.31478612317018706
97,0.2908637146613069,0.7724658579483636
99,0.8250099256238397,0.6865220720581244
100,0.05437026687203972,0.359686580669281
