NODE,X,Y
1,0.7506043753337442,0.6260499587646968
5,0.4495598183183451,0.2623216072241192
8,0.14069939187592057,0.5955630571076319
12,0.7921941090131889,0.21404516547425298
16,0.06463905521815774,0.25269572838929266
17,0.2281720170366268,0.628144321374069
18,0.3885659472432082,0.4511287144281983
19,0.49462358084624136,0.6778437871856773
20,1.0,0.5338439668697376
23,0.6938151047106718,0.10092382245943
24,0.41930465279568924,0.2025365242079907
26,0.9031567559156083,0.7293214427348118
27,0.8976978641667676,0.08771587690475088
29,0.478612777553912,0.1952204644251382
30,0.8447935256373263,0.04485818237045695
34,0.8356187392738036,0.8168396296967159
36,0.6836752739001194,0.38668936329953696
40,0.6413392792524165,0.7370567868770621
41,0.18132141941677182,0.7210612723427596
42,0.336821460214938,0.12328672998194021
43,0.45014035166959043,0.16633716633045276
45,0.30654824996561314,0.5997763605649213
46,0.0,0.2166112933840569
47,0.5393116167128135,0.5357689647154165
50,0.7645093631617863,0.8248299398554596
53,0.4085724504750259,0.552676485272353
54,0.6747412034970661,0.16161823932490807
55,0.8457605672953483,0.04026667710904733
57,0.35576662317660046,0.13179475773836216
59,0.16329438739989813,0.2302718533521498
62,0.49737806369903204,0.9072581487229738
65,0.4434722974512931,0.3197803865741277
66,0.3312023627241051,0.5548680126399891
68,0.3493563978784403,0.07717319132958542
69,0.3458462263205944,0.906657703140618
71,0.23213321050347036,0.3920505162413957
72,0.8726507365301939,0.03975843303398605
73,0.11934636083134932,0.6391397034371119
74,0.1632241135107836,0.2501240838219172
75,0.6213792507317242,0.38981222255085507
78,0.737616479759702,0.3652192717593326
81,0.15592344597563776,0.3445662282599742
82,0.19595830999507263,0.8179486126721377
84,0.3781262512484185,0.8315183711605619
87,0.2031502835845573,0.5708977536636264
93,0.015187450158922313,0.3231308086241999
95,0.7645038204999575,0.7464540405291775
97,0.9415630477750025,0.1155695850192882
100,0.30467985057952846,0.446987309340432
