NODE,X,Y
1,0.4408244055220708,0.926294468516288
2,0.5396401267458686,0.7391684395896558
4,0.6953589367044932,0.1740516443656541
5,0.7601137006063005,0.12398295978154966
7,0.12208516011820564,0.383671742974209
8,0.28014071920605277,0.7596992838039283
10,0.3574093455125699,0.42829867816730094
11,0.9537223589050731,0.5397613174825806
13,0.19604409028267916,0.6020283607824501
14,0.10091074856659107,0.036227359620227655
15,0.8106121571002489,0.9183627147319751
16,0.948021721786102,0.508191373346526
18,0.1977561383722819,0.5796923888940425
19,0.9893549259205047,0.02046561689487607
21,0.7282943268885603,0.4497565092588628
22,0.8529650957548733,0.41214277974903907
24,0.40020630469014284,0.6571880823407098
26,0.5922627839185952,0.16345947854936427
28,0.17159507603914664,0.3209512507329915
29,0.957980044223139,0.3703070702667794
32,0.25751111437466895,0.7789786447538043
33,0.08757641627962262,0.24017234887763503
34,0.6331500068693527,0.18373693077316972
35,0.1579642550019836,0.1788889667399796
36,0.4988967072830524,0.5936564081797456
37,0.8606738341205845,0.9154835685120576
43,0.8829415122957243,0.1030371204383046
44,0.05784853781185491,0.37061888952852035
46,0.6318814802838204,0.5577781121800142
48,0.5561150943486209,0.8663755816026708
49,0.6835022630536979,0.055584773826233023
50,0.0,0.521969935006039
51,0.4069658411487254,0.29850244572507134
52,0.721922299375187,0.5908000237186439
53,0.26212529528568,0.18053734296178867
54,0.904981047395294,0.7786415869945317
55,0.02602789506052768,0.3674203267075974
57,0.3758238869775236,0.7694507201853892
58,0.8575514655490338,0.4035790861357645
61,0.3243575348456014,0.4153184556759135
63,0.5680710146093447,0.0
64,0.7011199706567963,0.7239253596245531
65,0.8457632713415698,0.058843471190922134
68,0.78957860363732,0.6220927829009699
73,0.36123712074738373,0.01929986363688684
74,0.37657172086194357,0.016853408650637346
75,0.7596163383874932,0.7301932059634546
76,0.5452740821362791,0.10993568628927317
78,0.5068530476079451,0.47953149698411734
80,0.8571193074013275,0.29855445852414925
84,0.991708749172992,0.023959608375952183
89,0.7783570002033675,0.8011933903210596
91,0.22846432365765507,0.5965489153181157
92,0.40910339972760296,0.37898997205361734
93,0.19106072223822598,0.044252878982660136
95,0.6520234282186388,0.6720935544141731
96,0.30121309268960367,0.7662161121353537
97,0.30560058750570884,0.5224358836708342
99,0.8047751294220414,0.5508716541292277
100,0.7310081790497394,0.041458486479994165
