NODE,X,Y
1,0.01418856115562633,0.32252227231280456
2,0.7033381684618533,0.13893300212166665
3,0.769614427750625,0.7492970392461202
4,0.2364202625085742,0.17098486041499106
5,0.9481172944930345,0.11326871344300977
6,0.18454792966697423,0.43272430530095096
7,0.3577583211308716,0.5057333155948008
12,0.9500280368892413,0.42461042441875035
13,0.5760341798002023,0.38561584961771
14,0.6379535420870469,0.2608556483287443
17,0.4553442745197449,0.4177563481201156
18,0.4003488653415731,0.045858713257913124
19,0.04062987280528181,0.0
21,0.35252175812067443,0.46926821209428116
22,0.4434872686030294,0.5616443907417987
23,0.4528249915618033,0.6724282385162242
27,0.35030773357284445,0.07713432679726312
28,0.2681725767481521,0.8833021143249927
29,0.3638193299658806,0.7096481558194405
31,0.6213437799620035,0.8038704177466014
32,0.5953143564550515,0.5132354108777394
34,0.3839528020795417,0.2954175662788452
38,0.0021138426671853815,0.13853318097051492
39,0.4843768558044347,0.18295226055020727
41,1.0,0.22344963584899355
42,0.7652798643297671,0.5313517374817395
43,0.4543648512160536,0.8809520962484328
45,0.870767115531579,0.10187008023881086
46,0.37081442080023536,0.1760019975988324
48,0.8096686129043765,0.39104271583340655
49,0.5142610622858508,0.32892084540290883
50,0.24523457735128287,0.06771431344794025
51,0.5425739195621331,0.5817648006386305
53,0.5556221129673966,0.31038561804657977
54,0.3268418926664936,0.8079444779218149
56,0.0,0.31665869518607004
61,0.6232980809904318,0.21754664620275527
62,0.4333745862758686,0.1600290969703967
63,0.6556246401578132,0.2123152604854807
64,0.23991631618971074,0.7534058766595638
72,0.1699421011254707,0.2513490642578733
73,0.5416847746503204,0.573662066903105
74,0.5387134965622842,0.2158401468578263
75,0.7943500486503068,0.8264557821313439
77,0.8525930087741935,0.4832970337780509
78,0.9306557064107338,0.13140126756117615
84,0.7289362014124272,0.36175628123501496
86,0.45979661827921803,0.30138145690519913
88,0.5971440562632566,0.3163927622536113
89,0.43900843370874804,0.7119699237799563
91,0.16482050931505832,0.6747103067779646
93,0.3907008725503544,0.4140237692398479
94,0.36643451955441897,0.45633695549151343
95,0.5263124451059361,0.3836534010785579
97,0.6087544994793537,0.38154168251137566
98,0.17319251842189995,0.35071080624367573
100,0.29785626600583237,0.7598527708413891
