NODE,X,Y
2,0.09924957658482172,0.295822342452513
5,0.4495598183183451,0.2623216072241192
7,0.7079769939249403,0.6795257041659011
8,0.14069939187592057,0.5955630571076319
10,0.46831785290918093,0.7512946476613496
12,0.7921941090131889,0.21404516547425298
13,0.7750933074205815,0.527185299968837
14,0.7403649600869433,0.17983648279995265
16,0.06463905521815774,0.25269572838929266
18,0.3885659472432082,0.4511287144281983
22,0.5575486178130673,0.6551767068024015
23,0.6938151047106718,0.10092382245943
24,0.41930465279568924,0.2025365242079907
25,0.7234495390683366,0.23705833353783456
26,0.9031567559156083,0.7293214427348118
27,0.8976978641667676,0.08771587690475088
31,0.2813240423475837,0.6470816025047298
33,0.041073347943555945,0.4526475564314331
34,0.8356187392738036,0.8168396296967159
38,0.8456851810096823,0.0015299534472222542
39,0.45548300758592375,0.6193092182702459
40,0.6413392792524165,0.7370567868770621
43,0.45014035166959043,0.16633716633045276
47,0.5393116167128135,0.5357689647154165
51,0.7852291320209468,0.05234231630383644
52,0.3424476927582816,0.6963685770323769
54,0.6747412034970661,0.16161823932490807
55,0.8457605672953483,0.04026667710904733
57,0.35576662317660046,0.13179475773836216
59,0.16329438739989813,0.2302718533521498
62,0.49737806369903204,0.9072581487229738
64,0.6270906910574049,0.7077690397342048
66,0.3312023627241051,0.5548680126399891
67,0.4674374351874862,0.3750945390685173
69,0.3458462263205944,0.906657703140618
71,0.23213321050347036,0.3920505162413957
74,0.1632241135107836,0.2501240838219172
75,0.6213792507317242,0.38981222255085507
76,0.39759794396731707,0.315487926552815
77,0.46496528893572237,0.9264934933181304
79,0.9103140786386162,0.063128692026961
80,0.9753227364064324,0.9335164546509209
82,0.19595830999507263,0.8179486126721377
83,0.730486728143568,0.6871285083846133
84,0.3781262512484185,0.8315183711605619
85,0.06782304672192932,0.3639880706891393
89,0.1252791844755561,0.7108956863151049
93,0.015187450158922313,0.3231308086241999
95,0.7645038204999575,0.7464540405291775
96,0.23562185569904928,0.17281895345043408
98,0.1841690396322833,0.43244158419385864
99,0.3559785944494742,0.5048601351261482
