NODE,X,Y
3,0.769614427750625,0.7492970392461202
7,0.3577583211308716,0.5057333155948008
8,0.30604131670248663,0.44738862795428064
9,0.5693939695601522,0.2648055401377667
10,0.5270615056589786,0.6585716728355815
11,0.8027911995774952,0.2959483433742821
12,0.9500280368892413,0.42461042441875035
13,0.5760341798002023,0.38561584961771
15,0.7818924737614548,0.8476561095631977
16,0.3022543040443043,0.5420835828904614
18,0.4003488653415731,0.045858713257913124
21,0.35252175812067443,0.46926821209428116
24,0.15729066252306814,0.4078464768354357
25,0.60741497679158,0.8791294271622718
26,0.26537018318153766,0.2759964067874667
27,0.35030773357284445,0.07713432679726312
28,0.2681725767481521,0.8833021143249927
29,0.3638193299658806,0.7096481558194405
30,0.3185936930864273,0.3981929610505867
32,0.5953143564550515,0.5132354108777394
33,0.007533157319720796,0.016488974217696
35,0.5255199079654514,0.12210364677478718
37,0.8845180908778766,0.25633385363881867
39,0.4843768558044347,0.18295226055020727
41,1.0,0.22344963584899355
42,0.7652798643297671,0.5313517374817395
43,0.4543648512160536,0.8809520962484328
44,0.5036590920313025,0.34369156250184557
45,0.870767115531579,0.10187008023881086
51,0.5425739195621331,0.5817648006386305
52,0.31930624535655555,0.19320323316952726
53,0.5556221129673966,0.31038561804657977
54,0.3268418926664936,0.8079444779218149
55,0.7208160795457141,0.5858436053069842
56,0.0,0.31665869518607004
57,0.5092204722272816,0.25849453083941454
58,0.9415431042593333,0.03708343803385406
59,0.5403327370628452,0.2554209435581189
60,0.30751383444170954,0.35415373407509737
63,0.6556246401578132,0.2123152604854807
65,0.1831810464625521,0.6806866419134842
67,0.7448465012479545,0.8773452131683138
71,0.5229033056331776,0.013906168403242415
72,0.1699421011254707,0.2513490642578733
75,0.7943500486503068,0.8264557821313439
76,0.2405429675801021,0.1543410589160635
79,0.5451670946256824,0.40365988296293187
80,0.6669746666152675,0.8737553464361028
81,0.04926517231073735,0.4171477896720168
83,0.3149173792549676,0.2109226009937732
84,0.7289362014124272,0.36175628123501496
86,0.45979661827921803,0.30138145690519913
87,0.21893060886509813,0.47243351183681065
89,0.43900843370874804,0.7119699237799563
92,0.4540477837273312,0.41843685156448435
93,0.3907008725503544,0.4140237692398479
97,0.6087544994793537,0.38154168251137566
99,0.8024493936503571,0.6191031774736153
100,0.29785626600583237,0.7598527708413891
