NODE,X,Y
3,0.4624616306997312,0.39128632667572144
4,0.5065330518489851,0.4057448969825733
7,0.561195271177536,0.5269519409464063
8,0.9438638715570039,0.508969239871095
12,0.6373144014558247,0.24099248788288158
14,0.5421210230147917,0.4840338844063613
15,0.6632939012636634,0.5034905739248727
18,0.6031154454336566,0.4894387329803931
19,0.37218788465558694,0.6276458507632414
21,0.5143022821374185,0.4993417929023939
23,0.3090364632920793,0.4153568154217388
24,0.5556242394274636,0.6086768188190332
25,0.6472799751247574,0.7171045977732711
27,0.9589011867705814,0.11476169193349778
29,0.5405956487520907,0.5200821739613533
31,0.6275873266784476,0.2362040256214996
32,0.8817679533818805,0.20127426828653042
34,0.9615219134339784,0.11521456909438703
37,0.2854612714854354,0.1359576884736858
39,0.7112827756865947,0.19226211257832262
40,0.4117764172367936,0.3752376462600679
41,0.42357714712995886,0.22769360083999843
42,0.6868252481862094,0.3173845969814189
44,0.33719171787145813,0.4182300618408669
45,0.7312086614070822,0.2125864075238639
47,0.5511235425127538,0.3907381505237464
48,0.27649200884724245,0.24719729685946654
51,0.4530521515811854,0.5597457281720949
55,0.675187372765269,0.277594630541779
56,0.8399054835307272,0.33454377512858363
58,0.49581432763775457,0.5688482179983679
60,0.6360552923260463,0.5581250825765215
63,0.23401677174374022,0.24187971966436503
64,0.8681246780095112,0.2897671668414614
69,0.45203929022521466,0.15878006324666294
70,0.7931497116765043,0.3111130934948793
71,0.7492215955780065,0.48927377305548975
73,0.5597033837161777,0.16542791868205853
74,0.6298280749634152,0.14420431128304861
78,0.9349248837162243,0.38609159031488105
79,0.4509470897120415,0.6304395217358989
80,0.48315810839797113,0.4978061869858514
81,0.635430657892926,0.51114629935783
86,0.6297342812412066,0.7143136998344406
88,0.5198131210219514,0.5079968987250457
89,0.8823955278853757,0.4152836069878173
91,0.6426870512111265,0.17277741984456563
92,0.6606658295889286,0.32139617966866113
94,0.6396194329224459,0.5296093426124389
95,0.48523469784189016,0.10439427859104093
96,0.7952998125902258,0.5385842440532279
98,0.8434977680881545,0.23867686976373434
104,0.7839364336615385,0.5843112270276837
106,0.7691926289399185,0.09266560532772523
107,0.7536548743465636,0.20188188372651353
112,0.396980001008627,0.46744699875812473
117,0.7175153742414947,0.6079811536877467
121,0.2506159776186562,0.40911390433710554
125,0.9090209160736732,0.39359122414157505
127,0.6572500487083949,0.33017959516333717
130,0.6111170662416726,0.2666774271632207
131,0.7648410120970666,0.21599008040145481
134,0.6004214393547685,0.24947034931533826
135,0.4077845538977377,0.46155622823422826
136,0.29269780876281526,0.386402800454853
143,0.4925254413268844,0.15249263544907005
144,0.24254027668128986,0.46265887462219624
146,0.5522613147279488,0.3795903977399378
147,0.5749080601941585,0.6752686455436324
150,0.7859102708506698,0.37159493938831933
151,0.6249213430664827,0.42304270766375784
154,0.4769161611801886,0.6105690494592575
157,0.5824605930444897,0.3919891795885206
158,0.7712107995995753,0.5301355156152653
160,0.4007687212719456,0.296999611388362
161,0.7637626514799485,0.5833994505415485
163,0.9027650015382098,0.18537333400864348
164,0.3459848496684421,0.33529129514877865
166,0.5233529990914155,0.3503784678449968
167,0.9890187536101652,0.4531533522312657
170,0.4204896558867992,0.6415876728461996
172,0.835795844558115,0.5452436012973267
173,0.8560607685401713,0.18761602572259295
174,0.5360677787750271,0.406916933189743
178,0.9148669505820901,0.1787445845617945
179,0.9418235686409261,0.2687445553412031
180,0.9543799492885838,0.2276090233288335
181,0.9213266452956771,0.46321424299123715
186,0.8968217159750373,0.7292663396984544
187,0.605063712454145,0.5126227932251499
190,0.39793233691265095,0.6555495880380658
194,0.904781843926166,0.7012623960727614
195,0.6926270802204104,0.21411691705765692
196,0.24096492834435704,0.2338965887299345
197,0.6947910774010075,0.4997029900092114
198,0.7471473342735476,0.7341042419017483
199,0.6847733082049766,0.27153778674961887
200,0.30419149914173893,0.31653913291665875
201,0.9747748848709732,0.7225334438495864
203,0.6401251098519113,0.15782262196628621
204,0.4530931572546455,0.47991068491100913
207,0.695632442404416,0.5061108484810994
208,0.5547700014230105,0.3666244495480545
209,0.6888036040750711,0.31828930301974345
210,0.6555098206054093,0.19889936086826335
212,0.7522246788309783,0.07376248192640489
217,0.6474557668221338,0.4690962369534263
218,0.30309299583601906,0.4291441593420187
220,0.47758921323533454,0.5021648881132995
224,0.30041951622653007,0.35960156039744956
226,0.32779756405834604,0.2586082910706597
230,0.41714587375924045,0.12428295704533852
231,0.717759442003904,0.3832568482562812
232,0.23140481342013688,0.41382407852135517
234,0.5611884836413435,0.5261270326967358
236,0.8619377837405648,0.07097889879516568
237,0.635987281585674,0.3280719636135745
240,0.3754212317464934,0.5199761942682852
242,0.722393492348076,0.22262506852270722
244,0.7458160533380467,0.1138095691715609
245,0.7210288303296057,0.20677610723062242
246,0.8315688999203577,0.7703825780145764
247,0.5711584555819349,0.11784550466295901
249,0.5160264919946064,0.10201513093076363
250,0.25592096957882465,0.26810238373209133
253,0.62616003744496,0.6447416543425157
255,0.9624622386259319,0.6389705980516374
256,0.292321573521804,0.2321848983700808
258,0.6544163377911685,0.22211303859778406
259,0.5791383124796101,0.19356777251851293
262,0.47060752302809883,0.18139992697507037
263,0.4810104995682771,0.5336588706001396
264,0.7154373793675128,0.685527934666087
265,0.46646573327436197,0.475137673749793
267,0.44888291864205393,0.5018756078216563
269,0.8674219995931379,0.20856510837578277
272,0.4814264918991614,0.22141450540140892
273,0.987204906442434,0.18774735550446753
274,0.4576151063727181,0.21150529988290703
276,0.5015950954964583,0.37001420999026646
279,0.6964907294100012,0.44875282633039165
280,0.6574237963950742,0.1510566478559557
284,0.7183432308905157,0.597887661670652
287,0.6288616232940625,0.12988530530590386
289,0.9732057986827071,0.39296597659671834
290,0.8441955408458074,0.3946360293905699
293,0.900801126481399,0.5235349682189008
294,0.7607302257331975,0.5075961850810797
298,0.6000515599152925,0.16411345372559288
300,0.26704260725786194,0.3298505638199881
301,0.5736163196624753,0.6895584906398984
302,0.3351373953385066,0.4495650506234312
303,0.5636244515833474,0.25217473018755804
308,0.3675948437232156,0.4446670156746273
309,0.7912417548282402,0.2966214774842471
311,0.7560498223668388,0.584058818954575
312,0.8284308043224995,0.28729099151863174
313,0.45554267282841326,0.7334708933772819
319,0.7661694389754364,0.41671184419150786
322,0.3732990473097165,0.5892394203167537
324,0.7617910555502102,0.3107937709763283
325,0.5540989267468341,0.12384597976122794
327,0.604824286917473,0.18200597454611125
331,0.3538346967444262,0.2899546817307152
333,0.578931429147144,0.5623973843796534
334,0.5688176588393955,0.5672646418794283
336,0.6930255285667377,0.6560320550066793
337,0.6802623395079491,0.3824731437675529
341,0.8759124387715718,0.44214954926477396
343,0.6330566476301024,0.4834652159655356
344,0.9709515561752708,0.20138385719691157
345,0.33842753636880857,0.4548986385827931
347,0.4415139069866942,0.1263522975091385
348,0.44267143992421554,0.4373748626136005
350,0.6091872396269359,0.12867489187392864
351,0.3308197409374729,0.42252016385268615
352,0.654978909975049,0.09119546097550385
353,0.23486705606626862,0.39418326388031555
355,0.5896636026714258,0.1285778628613867
356,0.5494762935557227,0.3023879299240033
359,0.5825464805689484,0.23032651341710128
361,0.4359815136163973,0.31754922556326637
362,0.40464079137089587,0.6257876628800972
364,0.7931868805713935,0.7546198419107619
365,0.9539520838541664,0.40968886910573965
370,0.8060447672493609,0.7529339775472284
371,0.7594188100923561,0.3352554989637311
372,0.36004780877664,0.5189063444923202
377,0.45774496268845327,0.34945462868606875
378,0.3490204573174664,0.6082211679420575
379,0.40980051485539887,0.37196369042376015
382,0.9677020576876078,0.0911988280496182
383,0.5500158069250296,0.6750809402556396
384,0.7984946352900684,0.616187330501676
386,0.2628258684104262,0.4488665453414972
387,0.7176934684899041,0.2833489196238192
388,0.5502594742729509,0.22566622520719282
392,0.46020929293526514,0.48031045792117083
395,0.9402309904697903,0.5859381047302347
397,0.31464368877643273,0.4177121805827427
400,0.3168307684493345,0.45511274530136286
402,0.7195574211886432,0.19976351055366362
403,0.8373720890793034,0.3234301900139818
404,0.9121634483098275,0.3410411961559572
405,0.3867375966834374,0.309213321907806
406,0.6398187192737668,0.7040416430654468
409,0.9156420018606701,0.11416744074739847
410,0.2387008682505594,0.3792173284048509
412,0.7353832361384166,0.19435101384209635
418,0.5577027497179755,0.3787854142618525
423,0.438243033900845,0.12544004958777077
424,0.4695208652500184,0.5985513252444294
425,0.5116999732102084,0.129802499114066
438,0.5909147662515623,0.48003509588632937
440,0.6929608451145786,0.24582262680589131
441,0.8809007786383514,0.38868205810516454
443,0.32509975637320326,0.271090782080759
444,0.42167220274935724,0.3797123619721523
451,0.3589261749930956,0.5153459137127346
452,0.5565227508173298,0.738141517052428
453,0.6433471620386517,0.4915117682263463
455,0.5424358278172096,0.658501862596277
457,0.9016520208368637,0.2552777348354878
461,0.2559714346060027,0.22580865134699982
463,0.5800724493183288,0.20360817818073956
465,0.5465377192234327,0.26782281088022464
466,0.5330353826319865,0.6384528857289641
467,0.6189764741656595,0.3150274774475821
470,0.9499363654053506,0.7409237412861966
472,0.6663077332196041,0.3245010846481141
474,0.7044006246788296,0.3950530843416628
476,0.7135905367812706,0.3474110696658901
478,0.47968785891982607,0.6694365368825431
481,0.6146168895498654,0.46296867164975963
483,0.3093827528042269,0.3890850649691495
484,0.9197689408704476,0.23428748506561864
488,0.8565269429529323,0.6621218998365387
490,0.6941002839041116,0.6549224645416973
491,0.920724012183059,0.5909101866430978
492,0.26707088899358883,0.33614686294856044
494,0.8096762032198297,0.5792171655340242
496,0.28578982651531815,0.23483296741214618
498,0.5765542060905879,0.16876286483195332
501,0.34605711572271447,0.2699652762710991
502,0.6602867280046637,0.08019695390159062
503,0.36785888094105773,0.39763954641721144
505,0.8164322613093334,0.6227625158465517
511,0.5434596293934112,0.07573999633859538
512,0.98667774689612,0.5380604802757148
513,0.8344510973594074,0.6265347047393532
517,0.6807796379544702,0.602799392360378
518,0.7634068773880976,0.11952907318349586
519,0.5203852433227689,0.3686120629856997
521,0.5953022221674599,0.24189015374840098
524,0.5050682142925434,0.43392081337798466
525,0.4685018718071151,0.6669803134674408
529,0.9057750732149216,0.08633152100959436
532,0.6104590615819592,0.21798144719027238
533,0.23967801526089264,0.1936114103794691
534,0.7023238901210379,0.5351532378754544
536,0.32313559621102683,0.4544386135259548
537,0.47222005017619106,0.4219513305226397
541,0.9191887828200581,0.4066663142451939
542,0.5464960691498234,0.2735924075999241
543,0.6964062282864724,0.6367692472148101
546,0.8761383987184519,0.12586205854302157
547,0.6702471299418229,0.6041410639835078
548,0.37733137604073314,0.420870850234558
550,0.7967197161139434,0.7678825981878638
551,0.5898261373339311,0.5648070634260549
556,0.9437875558286667,0.2589396340796966
558,0.283766338008979,0.4722892599515963
559,0.33806973300557636,0.47724131485239335
560,0.47939194373802135,0.38681244421972427
561,0.36838866345322807,0.4472204216946132
564,0.7022168951079387,0.6731029636455225
566,0.7506891853491121,0.215259508382287
567,0.36438909216515236,0.3642362440810793
568,0.5166012616202685,0.20284976614922595
578,0.6422792916164433,0.5935763044236108
581,0.7090693880313029,0.5000046005534483
584,0.4770269395577654,0.3977965125694551
585,0.6425074688536869,0.10590521488213371
586,0.3948835816098943,0.5438691046158735
587,0.5121121029378688,0.3719380454781115
588,0.3959699176735903,0.310685892689585
589,0.6951674468312817,0.45491546443264175
590,0.6230788001068557,0.4285893657524537
591,0.2800016527861427,0.2928913042585694
593,0.3898573259303059,0.6248679606000904
596,0.9812035111755028,0.7315639234321916
597,0.36888133534690026,0.4053312713684418
601,0.9726203929239093,0.24121735062347607
602,0.4725431584977679,0.6818167593625047
603,0.3380808540711034,0.2591685855486869
606,0.34328584538839496,0.5080605569248519
608,0.5760443134699682,0.7126497335373092
609,0.5110900834982914,0.44728828114008096
612,0.32674658825523245,0.2313567360504274
614,0.8289848865866731,0.1080099157290129
615,0.6494403094381845,0.6572641768449985
617,0.510250596719822,0.3413859586824288
620,0.5149166804720295,0.384735662082192
621,0.8980134522841497,0.5207900352043953
625,0.41566437501658177,0.1352625181571657
627,0.4141684069351085,0.2776567471035379
631,0.3826074333744935,0.5268895024868935
633,0.6156968887356581,0.38750153199349174
634,0.6630258194717061,0.2900122948968898
637,0.725847988329713,0.20454268677174828
639,0.6900509323624191,0.5104180220725393
643,0.5534029462028035,0.0943925244012027
649,0.3961593897378325,0.21430151095864106
652,0.2838858216025752,0.24461321303254266
654,0.5425804193631771,0.2154538261041331
656,0.845958564102848,0.6372044291006503
657,0.29294558031416135,0.19227975169887154
658,0.6581631041984924,0.273150804845127
660,0.2897122613127219,0.19165404719645546
661,0.9063751044277285,0.3058760109875612
662,0.3776292955548389,0.3594248116640638
663,0.9039208656845414,0.10637933597689535
665,0.4403278322653411,0.1061003856420054
666,0.5772378241377243,0.3266228257370057
668,0.25573602229843817,0.28354204329926164
670,0.6101838501100858,0.23864542811878203
672,0.7584344310252359,0.10861587696169349
673,0.3493398116712244,0.4952111596545018
677,0.5353917928180901,0.3453310290095257
678,0.43760442859366605,0.37431092285879947
679,0.514417880958927,0.5638255792930887
680,0.8913112321469977,0.39708589187599574
683,0.9033831535963398,0.740202025227035
688,0.23453371244627552,0.4479231920068145
692,0.4510988399738184,0.29389347333482435
693,0.45451444505734406,0.16365490554206724
695,0.657547077794652,0.5629138578673257
698,0.9198579952910954,0.3573511901426622
702,0.4006760661397975,0.5891123790706265
704,0.558540652900909,0.2429069207528339
705,0.8398312809364314,0.7131112590510206
706,0.8705083497630604,0.14710912186030634
709,0.6913233290973808,0.45798805766819983
710,0.8894606533164581,0.6331592721536405
714,0.6328043789013943,0.563257651831832
715,0.6375926976231143,0.2660393768198381
716,0.6934428258547466,0.7113526093910914
718,0.5253647040729962,0.09562595702531451
719,0.2361792722700112,0.23045690545318334
720,0.6541851098529512,0.3311100656478787
721,0.48477974883338426,0.6222528648079999
724,0.5934294439779961,0.0756863192951554
725,0.7085916951605009,0.37897405053570854
726,0.7119805950783712,0.6833251471467795
729,0.2626324492152289,0.39912247884124524
730,0.48266230647235453,0.1074584118766094
731,0.6102969926334656,0.5008826502294199
732,0.33767807236863673,0.19299164155748685
734,0.4274020425262492,0.4564475748470123
735,0.5157820588189692,0.5378420624744646
737,0.40577319985346544,0.5660564840857046
740,0.3856072615919407,0.5472637780748055
745,0.5044848679554197,0.2693886479521821
746,0.42237921205168083,0.5332665258142628
749,0.5632240388696541,0.4856896058673519
750,0.796797724364925,0.6419702825658237
752,0.7631547994505925,0.09520372426211902
757,0.5639159381708535,0.5684505144112642
758,0.8889414091527867,0.3301926489594423
759,0.614230754159355,0.43413169566213466
761,0.7592382355948248,0.09400363242300494
764,0.363876760699669,0.1203201916467567
769,0.7333934935594939,0.5173206896132002
772,0.7368714803194194,0.350134057380778
773,0.40420883083100184,0.5169396530653576
776,0.5588194403924315,0.4098216543181033
779,0.37613033917652383,0.13150207251373522
780,0.8907081701291739,0.15652242331472416
782,0.4205504839394424,0.721691131308173
784,0.804361394550529,0.6760710686901876
785,0.9551125480697302,0.41365435118120214
787,0.7704022036115806,0.3665725311787687
788,0.48640030294245445,0.27734918759290306
789,0.49745690242030494,0.3017275733557994
793,0.46003906523490207,0.38543310792438384
795,0.7217720749460728,0.20836740830161296
796,0.9385582681968561,0.6749745447787868
799,0.6636291195782317,0.4084477861121334
800,0.34299428140711,0.5479648493556897
803,0.24895026933948677,0.45368903900195706
806,0.7639394275096067,0.32525753852774775
807,0.3911222143345839,0.3849352354616952
808,0.30403772280985836,0.22282691030996243
810,0.6631783994317857,0.5967981615490053
811,0.8062107175613814,0.326768100215652
812,0.6351899948031824,0.3699790152378251
815,0.855685401894226,0.42069740394674954
817,0.8619996821174983,0.6818013585754915
819,0.4215930654158965,0.34367469462207595
821,0.4932001266786585,0.34964498583441084
822,0.39349134771723493,0.40597561667534526
824,0.5139670091078085,0.26494518663361455
830,0.34346083852954834,0.1990881586069398
831,0.5103691276004276,0.3622699715923732
832,0.8894085376355997,0.43601622360488274
836,0.39447006213968605,0.10202540874290465
837,0.4442481618760445,0.5730281922303442
838,0.7682241490469303,0.18664072954444333
839,0.3800960749594298,0.14642852489243535
842,0.9311429621625554,0.0778748088482218
843,0.7867927607843848,0.354805621422806
844,0.4751925171095477,0.31605210339275147
847,0.6377462920282504,0.6320458290219764
853,0.6420020730493553,0.448144691131147
854,0.8345344697849434,0.6604633434602964
855,0.47618200392566706,0.4535537944172315
856,0.6488640043043077,0.16976500794816685
860,0.298255283973193,0.29842055864667516
863,0.7540592488553763,0.5902659026618067
864,0.9620734428548459,0.33981506378295084
869,0.6813376426782697,0.39689610091396776
870,0.36922323343856,0.4357131659301124
871,0.9066838039799449,0.7652468316638519
872,0.38945958707037587,0.22914613139708737
874,0.35959730873325,0.5156393775378871
876,0.3358546909428287,0.6065557984276104
878,0.7439523556886666,0.6074277971816237
880,0.27157909126013374,0.22579848273258948
881,0.5838358665450765,0.6464601885626728
883,0.5384593328945926,0.5273207836137203
885,0.5700034177897635,0.33268179529040165
886,0.8035254582581806,0.6815825317389012
888,0.4960223824853767,0.2967004159591912
889,0.4094818606935785,0.40272369055078794
890,0.5756845487271982,0.5149229912387022
893,0.55268625300189,0.11666269159828013
895,0.6197343345927614,0.6900661900181125
898,0.8730505100881546,0.30665691074744167
899,0.743768493555998,0.6597221179222291
900,0.5719575289805388,0.6038917346671948
901,0.6416274985542838,0.49464895904950407
902,0.5921231592395013,0.152623414813097
903,0.3271900770667114,0.24967649982879475
904,0.8728020416939656,0.2718445493983871
906,0.6767419255081389,0.21244122968333237
907,0.4830043635080437,0.16416629586878648
909,0.6653012369598594,0.36751917575518317
910,0.7152084389334701,0.47381303146189024
912,0.7188304362624185,0.28222017929680665
915,0.794275361213011,0.6374475487284678
916,0.4909637731630809,0.5602616961983166
919,0.4731504122639042,0.36088063654359226
922,0.5602957164528607,0.6806930029827175
923,0.6145822202917612,0.2620004508774691
924,0.9594976450882661,0.11898331932135207
925,0.7472658165239112,0.18415795078219216
928,0.7786217475166494,0.30970726734705706
929,0.468867513079589,0.44080955749855494
932,0.7358531460293736,0.4280484842664452
933,0.7620135692974769,0.13273599940651307
936,0.4102509621057546,0.5460214466267764
938,0.6767895194726112,0.5240466895016267
944,0.5370297543344504,0.7063955648623529
946,0.8328408871157517,0.35420680530951804
947,0.7523502313051241,0.16669192487070902
948,0.9510259265782105,0.2597237092835095
949,0.7745072741402255,0.5764946868058445
950,0.6207632667971418,0.424214793511571
955,0.7773366155063395,0.23522333608934384
959,0.8276073387198857,0.12266221951420302
961,0.7887099202987258,0.5681369008839735
962,0.46678873819945566,0.6778555956305845
964,0.5717064155284962,0.3420572818020761
965,0.5744391096230244,0.11687275261195608
968,0.9501700282385683,0.47069124461945044
970,0.48370255233203135,0.08659939430578871
971,0.3541916866497154,0.41716784402780627
975,0.6602354440091698,0.2845529228684385
976,0.8804782243176067,0.6214163475697306
977,0.5892367392386639,0.45123261731679315
978,0.8722730157796049,0.32900226659855836
979,0.8277419808366495,0.15332489327897725
980,0.7919130605994296,0.07709748423765968
981,0.6118455659607737,0.6120623713274529
982,0.5183007210930045,0.7537006221883228
983,0.3471006869792741,0.5093698116622596
985,0.9112619822859132,0.07312957064434797
986,0.8190759723634136,0.6782444778332765
987,0.38858248196901485,0.6324805202497723
988,0.0,0.18915911830113652
989,0.8708965549632732,0.6425611113901323
990,0.6989404624754092,0.31071259388111694
991,0.35690518678313976,0.7361486775818209
992,0.07032456013977062,0.53673888333968
993,0.7602004343309786,0.693607114506562
994,0.027205885147353222,0.7195876495759804
995,0.7077451326609604,0.34153190898801233
996,1.0,0.6701822340722677
997,0.09784664841586709,0.13681676593517159
998,0.1857101295072127,0.08506730365990638
999,0.6919676108446318,0.0
