NODE,X,Y
2,0.7033381684618533,0.13893300212166665
3,0.769614427750625,0.7492970392461202
4,0.2364202625085742,0.17098486041499106
6,0.18454792966697423,0.43272430530095096
7,0.3577583211308716,0.5057333155948008
9,0.5693939695601522,0.2648055401377667
11,0.8027911995774952,0.2959483433742821
14,0.6379535420870469,0.2608556483287443
15,0.7818924737614548,0.8476561095631977
17,0.4553442745197449,0.4177563481201156
18,0.4003488653415731,0.045858713257913124
21,0.35252175812067443,0.46926821209428116
23,0.4528249915618033,0.6724282385162242
24,0.15729066252306814,0.4078464768354357
25,0.60741497679158,0.8791294271622718
27,0.35030773357284445,0.07713432679726312
29,0.3638193299658806,0.7096481558194405
31,0.6213437799620035,0.8038704177466014
36,0.638515837534033,0.2286840348836942
37,0.8845180908778766,0.25633385363881867
39,0.4843768558044347,0.18295226055020727
40,0.8817567620242882,0.15043899979642905
41,1.0,0.22344963584899355
43,0.4543648512160536,0.8809520962484328
44,0.5036590920313025,0.34369156250184557
45,0.870767115531579,0.10187008023881086
46,0.37081442080023536,0.1760019975988324
47,0.37710415326568436,0.448908972410715
48,0.8096686129043765,0.39104271583340655
49,0.5142610622858508,0.32892084540290883
55,0.7208160795457141,0.5858436053069842
56,0.0,0.31665869518607004
58,0.9415431042593333,0.03708343803385406
60,0.30751383444170954,0.35415373407509737
63,0.6556246401578132,0.2123152604854807
64,0.23991631618971074,0.7534058766595638
65,0.1831810464625521,0.6806866419134842
69,0.92880851627641,0.10623364443237149
73,0.5416847746503204,0.573662066903105
76,0.2405429675801021,0.1543410589160635
78,0.9306557064107338,0.13140126756117615
79,0.5451670946256824,0.40365988296293187
80,0.6669746666152675,0.8737553464361028
82,0.6987083315572052,0.0019559926032206815
85,0.7109178931002363,0.6996917335439231
86,0.45979661827921803,0.30138145690519913
88,0.5971440562632566,0.3163927622536113
90,0.16620927266678712,0.3067713109657488
91,0.16482050931505832,0.6747103067779646
96,0.4307246735503085,0.719305489886884
97,0.6087544994793537,0.38154168251137566
100,0.29785626600583237,0.7598527708413891
