NODE,X,Y
1,0.01418856115562633,0.32252227231280456
3,0.769614427750625,0.7492970392461202
5,0.9481172944930345,0.11326871344300977
10,0.5270615056589786,0.6585716728355815
13,0.5760341798002023,0.38561584961771
15,0.7818924737614548,0.8476561095631977
21,0.35252175812067443,0.46926821209428116
22,0.4434872686030294,0.5616443907417987
24,0.15729066252306814,0.4078464768354357
25,0.60741497679158,0.8791294271622718
26,0.26537018318153766,0.2759964067874667
31,0.6213437799620035,0.8038704177466014
33,0.007533157319720796,0.016488974217696
35,0.5255199079654514,0.12210364677478718
37,0.8845180908778766,0.25633385363881867
38,0.0021138426671853815,0.13853318097051492
39,0.4843768558044347,0.18295226055020727
41,1.0,0.22344963584899355
43,0.4543648512160536,0.8809520962484328
45,0.870767115531579,0.10187008023881086
46,0.37081442080023536,0.1760019975988324
47,0.37710415326568436,0.448908972410715
52,0.31930624535655555,0.19320323316952726
57,0.5092204722272816,0.25849453083941454
63,0.6556246401578132,0.2123152604854807
65,0.1831810464625521,0.6806866419134842
68,0.3848303995439588,0.5980173552956953
69,0.92880851627641,0.10623364443237149
71,0.5229033056331776,0.013906168403242415
72,0.1699421011254707,0.2513490642578733
73,0.5416847746503204,0.573662066903105
76,0.2405429675801021,0.1543410589160635
77,0.8525930087741935,0.4832970337780509
79,0.5451670946256824,0.40365988296293187
80,0.6669746666152675,0.8737553464361028
84,0.7289362014124272,0.36175628123501496
86,0.45979661827921803,0.30138145690519913
88,0.5971440562632566,0.3163927622536113
91,0.16482050931505832,0.6747103067779646
92,0.4540477837273312,0.41843685156448435
93,0.3907008725503544,0.4140237692398479
94,0.36643451955441897,0.45633695549151343
97,0.6087544994793537,0.38154168251137566
98,0.17319251842189995,0.35071080624367573
99,0.8024493936503571,0.6191031774736153
