NODE,X,Y
1,0.01418856115562633,0.32252227231280456
4,0.2364202625085742,0.17098486041499106
5,0.9481172944930345,0.11326871344300977
7,0.3577583211308716,0.5057333155948008
11,0.8027911995774952,0.2959483433742821
12,0.9500280368892413,0.42461042441875035
14,0.6379535420870469,0.2608556483287443
16,0.3022543040443043,0.5420835828904614
17,0.4553442745197449,0.4177563481201156
18,0.4003488653415731,0.045858713257913124
20,0.5763058335250459,0.23860661560846108
21,0.35252175812067443,0.46926821209428116
23,0.4528249915618033,0.6724282385162242
24,0.15729066252306814,0.4078464768354357
25,0.60741497679158,0.8791294271622718
28,0.2681725767481521,0.8833021143249927
29,0.3638193299658806,0.7096481558194405
31,0.6213437799620035,0.8038704177466014
32,0.5953143564550515,0.5132354108777394
34,0.3839528020795417,0.2954175662788452
35,0.5255199079654514,0.12210364677478718
36,0.638515837534033,0.2286840348836942
38,0.0021138426671853815,0.13853318097051492
40,0.8817567620242882,0.15043899979642905
43,0.4543648512160536,0.8809520962484328
45,0.870767115531579,0.10187008023881086
46,0.37081442080023536,0.1760019975988324
49,0.5142610622858508,0.32892084540290883
50,0.24523457735128287,0.06771431344794025
53,0.5556221129673966,0.31038561804657977
56,0.0,0.31665869518607004
59,0.5403327370628452,0.2554209435581189
60,0.30751383444170954,0.35415373407509737
61,0.6232980809904318,0.21754664620275527
62,0.4333745862758686,0.1600290969703967
63,0.6556246401578132,0.2123152604854807
64,0.23991631618971074,0.7534058766595638
65,0.1831810464625521,0.6806866419134842
69,0.92880851627641,0.10623364443237149
72,0.1699421011254707,0.2513490642578733
73,0.5416847746503204,0.573662066903105
75,0.7943500486503068,0.8264557821313439
78,0.9306557064107338,0.13140126756117615
79,0.5451670946256824,0.40365988296293187
82,0.6987083315572052,0.0019559926032206815
83,0.3149173792549676,0.2109226009937732
85,0.7109178931002363,0.6996917335439231
86,0.45979661827921803,0.30138145690519913
87,0.21893060886509813,0.47243351183681065
89,0.43900843370874804,0.7119699237799563
90,0.16620927266678712,0.3067713109657488
91,0.16482050931505832,0.6747103067779646
92,0.4540477837273312,0.41843685156448435
93,0.3907008725503544,0.4140237692398479
95,0.5263124451059361,0.3836534010785579
96,0.4307246735503085,0.719305489886884
99,0.8024493936503571,0.6191031774736153
100,0.29785626600583237,0.7598527708413891
