NODE,X,Y
1,0.4408244055220708,0.926294468516288
2,0.5396401267458686,0.7391684395896558
3,0.4819533135099816,0.5163979139918442
4,0.6953589367044932,0.1740516443656541
5,0.7601137006063005,0.12398295978154966
6,0.18956005272474374,0.4341711325582695
7,0.12208516011820564,0.383671742974209
8,0.28014071920605277,0.7596992838039283
9,0.3893752202630566,0.5849370740732432
12,0.37923424315596616,0.33734550583717393
13,0.19604409028267916,0.6020283607824501
14,0.10091074856659107,0.036227359620227655
15,0.8106121571002489,0.9183627147319751
17,0.7008964882234933,0.5921918538579973
18,0.1977561383722819,0.5796923888940425
19,0.9893549259205047,0.02046561689487607
21,0.7282943268885603,0.4497565092588628
22,0.8529650957548733,0.41214277974903907
24,0.40020630469014284,0.6571880823407098
28,0.17159507603914664,0.3209512507329915
30,0.24147953473606673,0.09292726567063214
31,0.1601211014612505,0.4718102980763546
32,0.25751111437466895,0.7789786447538043
33,0.08757641627962262,0.24017234887763503
36,0.4988967072830524,0.5936564081797456
37,0.8606738341205845,0.9154835685120576
40,0.4743129623297578,0.3075692321414198
42,0.33442433567699614,0.001582749874024995
43,0.8829415122957243,0.1030371204383046
44,0.05784853781185491,0.37061888952852035
51,0.4069658411487254,0.29850244572507134
53,0.26212529528568,0.18053734296178867
54,0.904981047395294,0.7786415869945317
56,0.24115173215607086,0.2375923413093099
57,0.3758238869775236,0.7694507201853892
58,0.8575514655490338,0.4035790861357645
59,0.09881687822109723,0.19486264467823064
60,0.5577234150689944,0.5130467886876603
61,0.3243575348456014,0.4153184556759135
62,0.5085724527835401,0.2654429041427777
65,0.8457632713415698,0.058843471190922134
66,0.5743521725575197,0.5611245247871356
68,0.78957860363732,0.6220927829009699
70,1.0,0.4091555611197258
72,0.7914464777551431,0.5017582299815528
73,0.36123712074738373,0.01929986363688684
76,0.5452740821362791,0.10993568628927317
78,0.5068530476079451,0.47953149698411734
82,0.5352789167604388,0.37740862904675126
85,0.4066477454163768,0.3809894929013478
86,0.3844857299222127,0.5350192771700799
89,0.7783570002033675,0.8011933903210596
90,0.17423047018483978,0.4015921756814561
91,0.22846432365765507,0.5965489153181157
94,0.8753014580558821,0.8378457891495441
95,0.6520234282186388,0.6720935544141731
100,0.7310081790497394,0.041458486479994165
