NODE,X,Y
1,0.7506043753337442,0.6260499587646968
2,0.09924957658482172,0.295822342452513
3,0.24778405740090023,0.2954588387142989
4,0.5222164921477276,0.6266821896135355
5,0.4495598183183451,0.2623216072241192
8,0.14069939187592057,0.5955630571076319
10,0.46831785290918093,0.7512946476613496
16,0.06463905521815774,0.25269572838929266
17,0.2281720170366268,0.628144321374069
18,0.3885659472432082,0.4511287144281983
19,0.49462358084624136,0.6778437871856773
20,1.0,0.5338439668697376
21,0.35827743127373224,0.4576571181216479
22,0.5575486178130673,0.6551767068024015
24,0.41930465279568924,0.2025365242079907
25,0.7234495390683366,0.23705833353783456
26,0.9031567559156083,0.7293214427348118
33,0.041073347943555945,0.4526475564314331
34,0.8356187392738036,0.8168396296967159
37,0.32383522594407377,0.03461341499328444
38,0.8456851810096823,0.0015299534472222542
39,0.45548300758592375,0.6193092182702459
41,0.18132141941677182,0.7210612723427596
42,0.336821460214938,0.12328672998194021
43,0.45014035166959043,0.16633716633045276
45,0.30654824996561314,0.5997763605649213
46,0.0,0.2166112933840569
47,0.5393116167128135,0.5357689647154165
48,0.6120001976538325,0.5813677072763358
50,0.7645093631617863,0.8248299398554596
51,0.7852291320209468,0.05234231630383644
53,0.4085724504750259,0.552676485272353
55,0.8457605672953483,0.04026667710904733
57,0.35576662317660046,0.13179475773836216
58,0.33765403002607375,0.6470495171742644
59,0.16329438739989813,0.2302718533521498
60,0.3318798944189319,0.10028576711631573
62,0.49737806369903204,0.9072581487229738
63,0.587910936704115,0.861892010832815
64,0.6270906910574049,0.7077690397342048
66,0.3312023627241051,0.5548680126399891
68,0.3493563978784403,0.07717319132958542
69,0.3458462263205944,0.906657703140618
70,0.9606378460089141,0.8855285220343736
71,0.23213321050347036,0.3920505162413957
72,0.8726507365301939,0.03975843303398605
74,0.1632241135107836,0.2501240838219172
75,0.6213792507317242,0.38981222255085507
76,0.39759794396731707,0.315487926552815
77,0.46496528893572237,0.9264934933181304
78,0.737616479759702,0.3652192717593326
83,0.730486728143568,0.6871285083846133
85,0.06782304672192932,0.3639880706891393
86,0.42669007888301286,0.009089239015408961
88,0.9932578429438166,0.853663542839406
90,0.5948644157452284,0.20524665278100285
92,0.7660370340053174,0.3261362084980132
