NODE,X,Y
1,0.84025228463543,0.26733085408564405
2,0.49386269192570015,0.1903229871708286
3,0.4624616306997312,0.39128632667572144
5,0.4891640242346896,0.2766192532247848
6,0.7741422158281162,0.36519894282367255
8,0.9438638715570039,0.508969239871095
10,0.8063318415079399,0.6579039924977516
12,0.6373144014558247,0.24099248788288158
14,0.5421210230147917,0.4840338844063613
15,0.6632939012636634,0.5034905739248727
20,0.9293998395057977,0.22452854670701086
21,0.5143022821374185,0.4993417929023939
27,0.9589011867705814,0.11476169193349778
28,0.5681970682874171,0.182353229085255
29,0.5405956487520907,0.5200821739613533
30,0.49409892361903723,0.46669868054773267
34,0.9615219134339784,0.11521456909438703
36,0.9757556166802616,0.7387120801639856
37,0.2854612714854354,0.1359576884736858
38,0.4286901779816175,0.5376263191625082
40,0.4117764172367936,0.3752376462600679
46,0.9480603114896504,0.2171255696556301
48,0.27649200884724245,0.24719729685946654
49,0.6403827461688794,0.6379273412456714
51,0.4530521515811854,0.5597457281720949
52,0.9384873799641102,0.3994310707386091
54,0.3839739894815803,0.14166600599549092
55,0.675187372765269,0.277594630541779
56,0.8399054835307272,0.33454377512858363
58,0.49581432763775457,0.5688482179983679
60,0.6360552923260463,0.5581250825765215
61,0.3582008061064945,0.24530777309772486
66,0.4147521061905517,0.34017201837421535
68,0.7144119075965625,0.5012031001066882
70,0.7931497116765043,0.3111130934948793
71,0.7492215955780065,0.48927377305548975
74,0.6298280749634152,0.14420431128304861
75,0.5029516224377262,0.4466103478595065
76,0.6065900044082666,0.17040066868029774
78,0.9349248837162243,0.38609159031488105
80,0.48315810839797113,0.4978061869858514
83,0.8266748340722789,0.31614056531383194
84,0.6596818644468091,0.45914176519729244
85,0.42325600891656606,0.5457513251661984
87,0.5290417115657593,0.12774559645022635
92,0.6606658295889286,0.32139617966866113
94,0.6396194329224459,0.5296093426124389
95,0.48523469784189016,0.10439427859104093
96,0.7952998125902258,0.5385842440532279
99,0.4758334967165289,0.48654416498208763
100,0.5769589881295347,0.29740912892884697
102,0.846679617075784,0.0723069181565242
106,0.7691926289399185,0.09266560532772523
107,0.7536548743465636,0.20188188372651353
108,0.7619773708363826,0.34973275455851416
116,0.46034406944514483,0.3127668289680531
119,0.6480751669469246,0.7503596947194149
125,0.9090209160736732,0.39359122414157505
127,0.6572500487083949,0.33017959516333717
130,0.6111170662416726,0.2666774271632207
131,0.7648410120970666,0.21599008040145481
133,0.6584564037745602,0.5287227173092289
134,0.6004214393547685,0.24947034931533826
139,0.7884427453121954,0.5054512608675663
140,0.5413804539141679,0.4449280504750972
141,0.36237452415112414,0.12749408646056568
142,0.5410915974786139,0.521121348319271
143,0.4925254413268844,0.15249263544907005
145,0.8089450536385596,0.317308887218514
147,0.5749080601941585,0.6752686455436324
151,0.6249213430664827,0.42304270766375784
153,0.9137198968334932,0.27537848988202024
154,0.4769161611801886,0.6105690494592575
155,0.5202763589479241,0.2618993580404447
156,0.3004554578481967,0.35171142052386717
158,0.7712107995995753,0.5301355156152653
161,0.7637626514799485,0.5833994505415485
162,0.8440893820005086,0.16267609100611366
163,0.9027650015382098,0.18537333400864348
164,0.3459848496684421,0.33529129514877865
165,0.5063252960260651,0.31457640240407936
170,0.4204896558867992,0.6415876728461996
171,0.2454724011639179,0.34256540697447707
172,0.835795844558115,0.5452436012973267
175,0.9140678299346239,0.31843190431996815
176,0.7960397807128518,0.5378260537274999
178,0.9148669505820901,0.1787445845617945
182,0.5125337381061527,0.6581444886355025
189,0.3666224414322449,0.3415711197384483
191,0.5936768255129415,0.35853678624077934
192,0.8949670475100454,0.07974467140320397
194,0.904781843926166,0.7012623960727614
196,0.24096492834435704,0.2338965887299345
197,0.6947910774010075,0.4997029900092114
198,0.7471473342735476,0.7341042419017483
199,0.6847733082049766,0.27153778674961887
200,0.30419149914173893,0.31653913291665875
204,0.4530931572546455,0.47991068491100913
208,0.5547700014230105,0.3666244495480545
209,0.6888036040750711,0.31828930301974345
210,0.6555098206054093,0.19889936086826335
211,0.44287980661795245,0.48542365717748015
212,0.7522246788309783,0.07376248192640489
216,0.8742709533346791,0.39369221849152813
218,0.30309299583601906,0.4291441593420187
220,0.47758921323533454,0.5021648881132995
221,0.49240998401573716,0.5283124667624723
222,0.7738544916898463,0.09639717271570306
223,0.9423667589339005,0.5809870372119041
224,0.30041951622653007,0.35960156039744956
227,0.7978861500394159,0.6135842270804092
228,0.5673362388041435,0.2677902050455697
231,0.717759442003904,0.3832568482562812
232,0.23140481342013688,0.41382407852135517
233,0.9352901681206892,0.12822267088444675
234,0.5611884836413435,0.5261270326967358
235,0.6389313622385452,0.5755604232111683
238,0.8653690175629177,0.20120988508450427
239,0.4407187438108853,0.1389259014701479
240,0.3754212317464934,0.5199761942682852
242,0.722393492348076,0.22262506852270722
243,0.612543011242278,0.09372214983185023
245,0.7210288303296057,0.20677610723062242
246,0.8315688999203577,0.7703825780145764
249,0.5160264919946064,0.10201513093076363
252,0.3325164844482688,0.3851945707648705
254,0.7716198716196818,0.09637171294310955
258,0.6544163377911685,0.22211303859778406
259,0.5791383124796101,0.19356777251851293
260,0.9651180667935054,0.1486590639103834
264,0.7154373793675128,0.685527934666087
266,0.381546799809418,0.6340124440556953
269,0.8674219995931379,0.20856510837578277
271,0.40171658253155096,0.25219983333307033
273,0.987204906442434,0.18774735550446753
274,0.4576151063727181,0.21150529988290703
279,0.6964907294100012,0.44875282633039165
280,0.6574237963950742,0.1510566478559557
282,0.5147213300431938,0.2607330980649894
283,0.6022994876298663,0.6446223082323201
285,0.5288547368838362,0.19016547404768305
287,0.6288616232940625,0.12988530530590386
288,0.6604193457093571,0.7467765423920366
289,0.9732057986827071,0.39296597659671834
295,0.8281601019070981,0.7677673023004734
299,0.7754003899537806,0.19003152777430588
300,0.26704260725786194,0.3298505638199881
302,0.3351373953385066,0.4495650506234312
304,0.8976985898570001,0.3415185630395147
306,0.5306043284517619,0.15102022210264576
307,0.2601341001694019,0.256095360734739
312,0.8284308043224995,0.28729099151863174
313,0.45554267282841326,0.7334708933772819
314,0.5174527602099463,0.36012939687525336
318,0.42344806338317736,0.13734761909988985
319,0.7661694389754364,0.41671184419150786
324,0.7617910555502102,0.3107937709763283
327,0.604824286917473,0.18200597454611125
332,0.7036740057269635,0.45095094071986186
334,0.5688176588393955,0.5672646418794283
336,0.6930255285667377,0.6560320550066793
338,0.3892275897824997,0.21676056233247734
339,0.43376311151600255,0.3949989719574145
341,0.8759124387715718,0.44214954926477396
343,0.6330566476301024,0.4834652159655356
348,0.44267143992421554,0.4373748626136005
351,0.3308197409374729,0.42252016385268615
352,0.654978909975049,0.09119546097550385
353,0.23486705606626862,0.39418326388031555
354,0.39429802695159577,0.542885778754549
355,0.5896636026714258,0.1285778628613867
358,0.36033532659206385,0.16246774252133783
359,0.5825464805689484,0.23032651341710128
360,0.7429095990838593,0.501288514687201
361,0.4359815136163973,0.31754922556326637
363,0.24775858287136396,0.3187473456077019
364,0.7931868805713935,0.7546198419107619
371,0.7594188100923561,0.3352554989637311
372,0.36004780877664,0.5189063444923202
373,0.9564718620112374,0.6871221179616211
376,0.44849338512121484,0.7692640885346383
377,0.45774496268845327,0.34945462868606875
380,0.5024078245389948,0.6030382176687937
381,0.4498366711558029,0.4576964344248645
382,0.9677020576876078,0.0911988280496182
385,0.2732519514134994,0.18109440721238917
388,0.5502594742729509,0.22566622520719282
395,0.9402309904697903,0.5859381047302347
397,0.31464368877643273,0.4177121805827427
399,0.3664438335940443,0.4675636625133691
401,0.9340691703953841,0.2629752725337819
405,0.3867375966834374,0.309213321907806
406,0.6398187192737668,0.7040416430654468
407,0.3105057660587562,0.41895835601210657
410,0.2387008682505594,0.3792173284048509
411,0.3954341744580831,0.5248181427918667
413,0.5461757714786611,0.4041710689175572
414,0.4710968997875611,0.22756027207431181
421,0.6470027059969604,0.5298393150224021
422,0.9852043044123027,0.7120937001065234
423,0.438243033900845,0.12544004958777077
430,0.7650733345712271,0.31584894919747325
432,0.5887202803427408,0.499424231435768
433,0.4054321113609346,0.4835762579532796
434,0.9677832168166935,0.40837429558427984
435,0.4132920836649997,0.54669998859947
438,0.5909147662515623,0.48003509588632937
440,0.6929608451145786,0.24582262680589131
441,0.8809007786383514,0.38868205810516454
442,0.5610711042021559,0.4098892327754057
446,0.6419181875395276,0.12828612524824493
449,0.2546712098122437,0.43328520069039644
450,0.6362631502513804,0.2708707821180357
452,0.5565227508173298,0.738141517052428
453,0.6433471620386517,0.4915117682263463
454,0.25225078797742606,0.47408477021249623
455,0.5424358278172096,0.658501862596277
458,0.7136882810184841,0.5865033268257495
459,0.25812187429924566,0.4248449113897157
460,0.7449374879195227,0.40984447085314585
464,0.43208376423381734,0.34983066416464587
465,0.5465377192234327,0.26782281088022464
466,0.5330353826319865,0.6384528857289641
467,0.6189764741656595,0.3150274774475821
468,0.4106413453502484,0.47024088146505183
470,0.9499363654053506,0.7409237412861966
471,0.8052101866626089,0.3881005582420579
472,0.6663077332196041,0.3245010846481141
473,0.862532891415316,0.7453379102245622
474,0.7044006246788296,0.3950530843416628
475,0.23098612233961144,0.29009323267536713
477,0.8523176154817742,0.25731598885273016
481,0.6146168895498654,0.46296867164975963
484,0.9197689408704476,0.23428748506561864
486,0.36699219833721225,0.5685735864578902
488,0.8565269429529323,0.6621218998365387
492,0.26707088899358883,0.33614686294856044
494,0.8096762032198297,0.5792171655340242
496,0.28578982651531815,0.23483296741214618
497,0.838563388971227,0.22695194536616808
498,0.5765542060905879,0.16876286483195332
499,0.4420426237434152,0.7008693519535425
505,0.8164322613093334,0.6227625158465517
506,0.36064055270992207,0.5137736307177969
507,0.5386819504528315,0.35106308923206225
508,0.6119430987203308,0.4873124865899998
509,0.5741133683618012,0.1512474394567006
510,0.45182058012059456,0.7096520628532355
511,0.5434596293934112,0.07573999633859538
512,0.98667774689612,0.5380604802757148
514,0.7606626764546723,0.6353938352166059
515,0.5880556323793931,0.43597547789925034
517,0.6807796379544702,0.602799392360378
519,0.5203852433227689,0.3686120629856997
522,0.5297725623063133,0.1323595115601251
524,0.5050682142925434,0.43392081337798466
527,0.42722397422766833,0.13939590360313064
530,0.48791410293008297,0.211372418007725
531,0.9383453873920388,0.48859435084087666
533,0.23967801526089264,0.1936114103794691
534,0.7023238901210379,0.5351532378754544
538,0.39174922600346107,0.5444571814311053
541,0.9191887828200581,0.4066663142451939
542,0.5464960691498234,0.2735924075999241
543,0.6964062282864724,0.6367692472148101
544,0.6778615639160844,0.36433601155466716
545,0.2762949010924692,0.4369894322737991
546,0.8761383987184519,0.12586205854302157
547,0.6702471299418229,0.6041410639835078
549,0.4431957125827623,0.28962136795221943
550,0.7967197161139434,0.7678825981878638
552,0.885586195440799,0.6279501391481792
557,0.3857370104493155,0.4448920071691668
558,0.283766338008979,0.4722892599515963
559,0.33806973300557636,0.47724131485239335
560,0.47939194373802135,0.38681244421972427
561,0.36838866345322807,0.4472204216946132
562,0.641550212888074,0.7468185642321762
565,0.6819282560365199,0.18889055357182702
568,0.5166012616202685,0.20284976614922595
570,0.8626930905141125,0.25618387652706476
571,0.5849907616439258,0.1769232423453741
572,0.8474021813798127,0.27952792538129945
573,0.6175224646602496,0.25700636413430056
575,0.5944857736939093,0.5685651338624511
578,0.6422792916164433,0.5935763044236108
580,0.3331060214377795,0.5359116433042017
582,0.6699516913407345,0.37694415195501035
583,0.8637268160633957,0.4176357646761957
586,0.3948835816098943,0.5438691046158735
587,0.5121121029378688,0.3719380454781115
590,0.6230788001068557,0.4285893657524537
591,0.2800016527861427,0.2928913042585694
593,0.3898573259303059,0.6248679606000904
594,0.6800069551917298,0.5392282464080289
596,0.9812035111755028,0.7315639234321916
597,0.36888133534690026,0.4053312713684418
600,0.5187527368436708,0.7168915576243491
601,0.9726203929239093,0.24121735062347607
603,0.3380808540711034,0.2591685855486869
605,0.2524605247380058,0.22008455703775429
606,0.34328584538839496,0.5080605569248519
609,0.5110900834982914,0.44728828114008096
610,0.6354380648801288,0.4767293170787565
611,0.8079088054864059,0.4480290928441771
612,0.32674658825523245,0.2313567360504274
615,0.6494403094381845,0.6572641768449985
616,0.8789983710817957,0.37962780233777915
618,0.9342117300581689,0.4135016052313187
620,0.5149166804720295,0.384735662082192
623,0.5301035060816648,0.35419840134129577
624,0.6268132485510035,0.3846528162354862
625,0.41566437501658177,0.1352625181571657
627,0.4141684069351085,0.2776567471035379
628,0.566684668767082,0.17060140621817124
630,0.3796459258557762,0.368413313630643
631,0.3826074333744935,0.5268895024868935
632,0.7932078740255958,0.35419907000568474
633,0.6156968887356581,0.38750153199349174
636,0.581567080790917,0.19169751072681995
637,0.725847988329713,0.20454268677174828
638,0.8941270825204974,0.07616395375647113
647,0.589757685776003,0.28215135611914416
649,0.3961593897378325,0.21430151095864106
652,0.2838858216025752,0.24461321303254266
654,0.5425804193631771,0.2154538261041331
655,0.9680342362932366,0.1160800916353842
657,0.29294558031416135,0.19227975169887154
658,0.6581631041984924,0.273150804845127
662,0.3776292955548389,0.3594248116640638
665,0.4403278322653411,0.1061003856420054
666,0.5772378241377243,0.3266228257370057
667,0.8070528618643059,0.45459257352840143
670,0.6101838501100858,0.23864542811878203
671,0.4871367640563376,0.3339013267471092
672,0.7584344310252359,0.10861587696169349
675,0.44424272890694294,0.44454492404620366
677,0.5353917928180901,0.3453310290095257
678,0.43760442859366605,0.37431092285879947
679,0.514417880958927,0.5638255792930887
680,0.8913112321469977,0.39708589187599574
683,0.9033831535963398,0.740202025227035
684,0.47892351153496077,0.5827194629626238
685,0.6677525391425713,0.6734093942169476
687,0.6793299027745581,0.2244485977242709
688,0.23453371244627552,0.4479231920068145
691,0.5509243326463227,0.47448937951662445
694,0.8170243596329329,0.26509141516753304
695,0.657547077794652,0.5629138578673257
696,0.4772051396830021,0.3053902702067218
699,0.5000207025536109,0.647910140861763
701,0.5089442322967784,0.6456088860568051
708,0.5392533073149285,0.713135383415013
709,0.6913233290973808,0.45798805766819983
712,0.6162227844461896,0.35384453122531156
716,0.6934428258547466,0.7113526093910914
718,0.5253647040729962,0.09562595702531451
725,0.7085916951605009,0.37897405053570854
728,0.5167065362879093,0.7476474317581985
729,0.2626324492152289,0.39912247884124524
730,0.48266230647235453,0.1074584118766094
731,0.6102969926334656,0.5008826502294199
732,0.33767807236863673,0.19299164155748685
733,0.46902584319007795,0.4738414154476363
735,0.5157820588189692,0.5378420624744646
736,0.6292848918253198,0.7347363194491767
737,0.40577319985346544,0.5660564840857046
738,0.7652766512203765,0.21827287916858462
739,0.868268583000077,0.619282883666299
743,0.26878497995129425,0.2537237995812314
745,0.5044848679554197,0.2693886479521821
746,0.42237921205168083,0.5332665258142628
750,0.796797724364925,0.6419702825658237
753,0.9748722087540387,0.2016087857825715
754,0.38028121967452155,0.3051757828480297
757,0.5639159381708535,0.5684505144112642
762,0.9371035767748921,0.5249911652415067
764,0.363876760699669,0.1203201916467567
766,0.26951643741203224,0.4298200759568821
768,0.8493229503067063,0.12853023905757535
769,0.7333934935594939,0.5173206896132002
771,0.7732774274119136,0.2000834936434879
772,0.7368714803194194,0.350134057380778
773,0.40420883083100184,0.5169396530653576
774,0.2919914808714117,0.3381622619064782
775,0.3438045007015251,0.3272247443313178
776,0.5588194403924315,0.4098216543181033
781,0.3364085328476482,0.2859727593494852
784,0.804361394550529,0.6760710686901876
786,0.6979298453839252,0.6553013744540425
788,0.48640030294245445,0.27734918759290306
789,0.49745690242030494,0.3017275733557994
790,0.7914533393128174,0.5487553665749166
791,0.9183658345486786,0.26831122812676345
795,0.7217720749460728,0.20836740830161296
799,0.6636291195782317,0.4084477861121334
802,0.4868672685927102,0.09281147589944914
803,0.24895026933948677,0.45368903900195706
804,0.6380162122639281,0.7282075281301695
805,0.33266496179254584,0.4381463120469532
806,0.7639394275096067,0.32525753852774775
808,0.30403772280985836,0.22282691030996243
809,0.46418512290743835,0.10206784905412858
815,0.855685401894226,0.42069740394674954
817,0.8619996821174983,0.6818013585754915
818,0.7520675655094319,0.16289663073637756
821,0.4932001266786585,0.34964498583441084
829,0.6745610052294837,0.4863753754026032
830,0.34346083852954834,0.1990881586069398
831,0.5103691276004276,0.3622699715923732
832,0.8894085376355997,0.43601622360488274
836,0.39447006213968605,0.10202540874290465
837,0.4442481618760445,0.5730281922303442
840,0.5381540500726847,0.43375158862244695
841,0.7646154480218857,0.7354987361515526
842,0.9311429621625554,0.0778748088482218
843,0.7867927607843848,0.354805621422806
844,0.4751925171095477,0.31605210339275147
845,0.4848277964459394,0.2835081235151699
846,0.585623775639089,0.5709450138218443
847,0.6377462920282504,0.6320458290219764
848,0.4497942512442429,0.7078764921088634
850,0.837196739449309,0.11357941295410183
851,0.358594503619389,0.23156706406635574
852,0.6028825100732911,0.45411326702311067
857,0.5991471007171506,0.2879725934076181
858,0.8849943924348165,0.19977520487632974
859,0.4368975056175051,0.546320141060457
860,0.298255283973193,0.29842055864667516
868,0.5081860039885909,0.15122916237150866
874,0.35959730873325,0.5156393775378871
877,0.6350377619332744,0.28966216597966726
878,0.7439523556886666,0.6074277971816237
880,0.27157909126013374,0.22579848273258948
883,0.5384593328945926,0.5273207836137203
885,0.5700034177897635,0.33268179529040165
886,0.8035254582581806,0.6815825317389012
887,0.5037741832694549,0.5551434719564725
888,0.4960223824853767,0.2967004159591912
889,0.4094818606935785,0.40272369055078794
893,0.55268625300189,0.11666269159828013
894,0.6367509552440076,0.28928400211398614
896,0.5465429198160159,0.32245431911227673
897,0.8947320482287089,0.41875684306979655
899,0.743768493555998,0.6597221179222291
900,0.5719575289805388,0.6038917346671948
902,0.5921231592395013,0.152623414813097
904,0.8728020416939656,0.2718445493983871
905,0.6327378600963391,0.39844469727179865
908,0.4424015234679805,0.6301655306617205
910,0.7152084389334701,0.47381303146189024
911,0.8607782695265278,0.6086031213355779
913,0.7409256595775828,0.7520509125762104
916,0.4909637731630809,0.5602616961983166
917,0.8490141152696358,0.2557463180456615
921,0.8072041219394884,0.7127716279654808
924,0.9594976450882661,0.11898331932135207
925,0.7472658165239112,0.18415795078219216
926,0.5510504861158668,0.40793276230902564
929,0.468867513079589,0.44080955749855494
932,0.7358531460293736,0.4280484842664452
934,0.4314065578781834,0.11773942484228311
936,0.4102509621057546,0.5460214466267764
945,0.48600479579687594,0.37512490334225757
947,0.7523502313051241,0.16669192487070902
951,0.7807788686319331,0.5924218382400643
957,0.39262595210729806,0.5467238667757677
958,0.5351964149074541,0.5080385967505303
962,0.46678873819945566,0.6778555956305845
964,0.5717064155284962,0.3420572818020761
965,0.5744391096230244,0.11687275261195608
966,0.7140481181320268,0.6461920393353494
967,0.416384821166357,0.601512167353759
968,0.9501700282385683,0.47069124461945044
969,0.9300876141052865,0.22676887464889114
970,0.48370255233203135,0.08659939430578871
971,0.3541916866497154,0.41716784402780627
972,0.6814583037318666,0.1055510868864333
973,0.7182814955841382,0.4897835711666688
974,0.5667803484273295,0.6629381285078508
976,0.8804782243176067,0.6214163475697306
978,0.8722730157796049,0.32900226659855836
979,0.8277419808366495,0.15332489327897725
980,0.7919130605994296,0.07709748423765968
981,0.6118455659607737,0.6120623713274529
982,0.5183007210930045,0.7537006221883228
983,0.3471006869792741,0.5093698116622596
984,0.42986843570837285,0.1392678587843746
985,0.9112619822859132,0.07312957064434797
986,0.8190759723634136,0.6782444778332765
987,0.38858248196901485,0.6324805202497723
988,0.0,0.18915911830113652
989,0.8708965549632732,0.6425611113901323
990,0.6989404624754092,0.31071259388111694
991,0.35690518678313976,0.7361486775818209
992,0.07032456013977062,0.53673888333968
993,0.7602004343309786,0.693607114506562
994,0.027205885147353222,0.7195876495759804
995,0.7077451326609604,0.34153190898801233
996,1.0,0.6701822340722677
997,0.09784664841586709,0.13681676593517159
998,0.1857101295072127,0.08506730365990638
999,0.6919676108446318,0.0
1000,0.6975630448837473,0.0038526882197406982
