NODE,X,Y
3,0.10024265489947859,0.5852413159217749
5,0.2346148552558434,0.6709419213961411
11,0.09924957658482172,0.295822342452513
13,0.5222164921477276,0.6266821896135355
15,0.802394397200027,0.4464690296850196
16,0.7079769939249403,0.6795257041659011
21,0.7921941090131889,0.21404516547425298
22,0.7750933074205815,0.527185299968837
24,0.8004168651518369,0.7446004270062051
26,0.2281720170366268,0.628144321374069
27,0.3885659472432082,0.4511287144281983
30,0.35827743127373224,0.4576571181216479
32,0.6938151047106718,0.10092382245943
33,0.41930465279568924,0.2025365242079907
34,0.7234495390683366,0.23705833353783456
35,0.9031567559156083,0.7293214427348118
37,0.9471190276949191,0.0
39,0.8447935256373263,0.04485818237045695
40,0.2813240423475837,0.6470816025047298
42,0.041073347943555945,0.4526475564314331
43,0.8356187392738036,0.8168396296967159
46,0.32383522594407377,0.03461341499328444
49,0.6413392792524165,0.7370567868770621
51,0.336821460214938,0.12328672998194021
52,0.45014035166959043,0.16633716633045276
53,0.6681368996246484,0.3194879235726591
55,0.0,0.2166112933840569
59,0.7645093631617863,0.8248299398554596
61,0.3424476927582816,0.6963685770323769
63,0.6747412034970661,0.16161823932490807
64,0.8457605672953483,0.04026667710904733
65,0.3477268054577562,0.38110421858815235
66,0.35576662317660046,0.13179475773836216
70,0.8811425462589564,0.08004622491416559
73,0.6270906910574049,0.7077690397342048
74,0.4434722974512931,0.3197803865741277
76,0.4674374351874862,0.3750945390685173
77,0.3493563978784403,0.07717319132958542
78,0.3458462263205944,0.906657703140618
79,0.9606378460089141,0.8855285220343736
80,0.23213321050347036,0.3920505162413957
82,0.11934636083134932,0.6391397034371119
84,0.6213792507317242,0.38981222255085507
85,0.39759794396731707,0.315487926552815
86,0.46496528893572237,0.9264934933181304
91,0.19595830999507263,0.8179486126721377
93,0.3781262512484185,0.8315183711605619
95,0.42669007888301286,0.009089239015408961
96,0.2031502835845573,0.5708977536636264
98,0.1252791844755561,0.7108956863151049
99,0.5948644157452284,0.20524665278100285
100,0.507365007099837,0.4335450611822604
