NODE,X,Y
1,0.5270615056589786,0.6585716728355815
2,0.8027911995774952,0.2959483433742821
3,0.9500280368892413,0.42461042441875035
6,0.7818924737614548,0.8476561095631977
9,0.4003488653415731,0.045858713257913124
13,0.4434872686030294,0.5616443907417987
15,0.15729066252306814,0.4078464768354357
16,0.60741497679158,0.8791294271622718
23,0.5953143564550515,0.5132354108777394
27,0.638515837534033,0.2286840348836942
29,0.0021138426671853815,0.13853318097051492
30,0.4843768558044347,0.18295226055020727
33,0.7652798643297671,0.5313517374817395
35,0.5036590920313025,0.34369156250184557
36,0.870767115531579,0.10187008023881086
37,0.37081442080023536,0.1760019975988324
40,0.5142610622858508,0.32892084540290883
41,0.24523457735128287,0.06771431344794025
42,0.5425739195621331,0.5817648006386305
43,0.31930624535655555,0.19320323316952726
46,0.7208160795457141,0.5858436053069842
48,0.5092204722272816,0.25849453083941454
49,0.9415431042593333,0.03708343803385406
50,0.5403327370628452,0.2554209435581189
52,0.6232980809904318,0.21754664620275527
53,0.4333745862758686,0.1600290969703967
54,0.6556246401578132,0.2123152604854807
57,0.6398450744795585,0.3935657294051506
61,0.7199137772954163,0.29270461090991734
63,0.1699421011254707,0.2513490642578733
64,0.5416847746503204,0.573662066903105
65,0.5387134965622842,0.2158401468578263
71,0.6669746666152675,0.8737553464361028
74,0.3149173792549676,0.2109226009937732
75,0.7289362014124272,0.36175628123501496
78,0.21893060886509813,0.47243351183681065
80,0.43900843370874804,0.7119699237799563
81,0.16620927266678712,0.3067713109657488
86,0.5263124451059361,0.3836534010785579
89,0.17319251842189995,0.35071080624367573
91,0.29785626600583237,0.7598527708413891
92,0.2561497940153435,0.5658690903668223
95,0.45690845334606167,0.1978070255062719
97,0.2908637146613069,0.7724658579483636
98,0.48797427857139114,0.09306720034282828
99,0.8250099256238397,0.6865220720581244
