NODE,X,Y
1,0.5270615056589786,0.6585716728355815
2,0.8027911995774952,0.2959483433742821
4,0.5760341798002023,0.38561584961771
6,0.7818924737614548,0.8476561095631977
8,0.4553442745197449,0.4177563481201156
9,0.4003488653415731,0.045858713257913124
11,0.5763058335250459,0.23860661560846108
12,0.35252175812067443,0.46926821209428116
14,0.4528249915618033,0.6724282385162242
16,0.60741497679158,0.8791294271622718
17,0.26537018318153766,0.2759964067874667
19,0.2681725767481521,0.8833021143249927
21,0.3185936930864273,0.3981929610505867
23,0.5953143564550515,0.5132354108777394
28,0.8845180908778766,0.25633385363881867
29,0.0021138426671853815,0.13853318097051492
31,0.8817567620242882,0.15043899979642905
32,1.0,0.22344963584899355
33,0.7652798643297671,0.5313517374817395
36,0.870767115531579,0.10187008023881086
38,0.37710415326568436,0.448908972410715
39,0.8096686129043765,0.39104271583340655
40,0.5142610622858508,0.32892084540290883
43,0.31930624535655555,0.19320323316952726
45,0.3268418926664936,0.8079444779218149
46,0.7208160795457141,0.5858436053069842
53,0.4333745862758686,0.1600290969703967
54,0.6556246401578132,0.2123152604854807
55,0.23991631618971074,0.7534058766595638
56,0.1831810464625521,0.6806866419134842
61,0.7199137772954163,0.29270461090991734
63,0.1699421011254707,0.2513490642578733
64,0.5416847746503204,0.573662066903105
68,0.8525930087741935,0.4832970337780509
70,0.5451670946256824,0.40365988296293187
73,0.6987083315572052,0.0019559926032206815
74,0.3149173792549676,0.2109226009937732
78,0.21893060886509813,0.47243351183681065
79,0.5971440562632566,0.3163927622536113
80,0.43900843370874804,0.7119699237799563
83,0.4540477837273312,0.41843685156448435
85,0.36643451955441897,0.45633695549151343
88,0.6087544994793537,0.38154168251137566
91,0.29785626600583237,0.7598527708413891
93,0.6564973145631952,0.5231203136443924
96,0.04712718446594955,0.31478612317018706
98,0.48797427857139114,0.09306720034282828
99,0.8250099256238397,0.6865220720581244
100,0.05437026687203972,0.359686580669281
