NODE,X,Y
1,0.84025228463543,0.26733085408564405
4,0.5065330518489851,0.4057448969825733
5,0.4891640242346896,0.2766192532247848
7,0.561195271177536,0.5269519409464063
8,0.9438638715570039,0.508969239871095
12,0.6373144014558247,0.24099248788288158
14,0.5421210230147917,0.4840338844063613
15,0.6632939012636634,0.5034905739248727
22,0.42309520600369155,0.12860364515325576
25,0.6472799751247574,0.7171045977732711
26,0.5372874443756368,0.14276120469148423
27,0.9589011867705814,0.11476169193349778
29,0.5405956487520907,0.5200821739613533
31,0.6275873266784476,0.2362040256214996
32,0.8817679533818805,0.20127426828653042
35,0.9796450298009737,0.4547529532962349
37,0.2854612714854354,0.1359576884736858
38,0.4286901779816175,0.5376263191625082
39,0.7112827756865947,0.19226211257832262
41,0.42357714712995886,0.22769360083999843
43,0.5634669367572703,0.2802681178167721
44,0.33719171787145813,0.4182300618408669
49,0.6403827461688794,0.6379273412456714
51,0.4530521515811854,0.5597457281720949
52,0.9384873799641102,0.3994310707386091
56,0.8399054835307272,0.33454377512858363
65,0.48426825072083707,0.2854116860920669
67,0.6448396311565359,0.49158614929830186
70,0.7931497116765043,0.3111130934948793
71,0.7492215955780065,0.48927377305548975
75,0.5029516224377262,0.4466103478595065
77,0.7024426751100297,0.5940949583430671
79,0.4509470897120415,0.6304395217358989
82,0.7813634507014597,0.27865880571566415
84,0.6596818644468091,0.45914176519729244
85,0.42325600891656606,0.5457513251661984
88,0.5198131210219514,0.5079968987250457
90,0.749791281193196,0.6145893117893728
94,0.6396194329224459,0.5296093426124389
95,0.48523469784189016,0.10439427859104093
96,0.7952998125902258,0.5385842440532279
98,0.8434977680881545,0.23867686976373434
99,0.4758334967165289,0.48654416498208763
100,0.5769589881295347,0.29740912892884697
101,0.6486051780072644,0.08991460302344159
102,0.846679617075784,0.0723069181565242
104,0.7839364336615385,0.5843112270276837
105,0.3256120275861211,0.37981755977066745
114,0.40050073625873256,0.35370922438032104
115,0.8494738585333019,0.21520136851520935
116,0.46034406944514483,0.3127668289680531
118,0.3834734172056844,0.6393011520856231
119,0.6480751669469246,0.7503596947194149
122,0.9507313204857609,0.5067205640800364
124,0.49806580920904886,0.28356326304951834
125,0.9090209160736732,0.39359122414157505
126,0.37595230488537335,0.248849198841226
129,0.9052480552054455,0.7639697482806397
130,0.6111170662416726,0.2666774271632207
131,0.7648410120970666,0.21599008040145481
132,0.4710811271156059,0.24148769969381348
135,0.4077845538977377,0.46155622823422826
136,0.29269780876281526,0.386402800454853
139,0.7884427453121954,0.5054512608675663
142,0.5410915974786139,0.521121348319271
144,0.24254027668128986,0.46265887462219624
146,0.5522613147279488,0.3795903977399378
153,0.9137198968334932,0.27537848988202024
155,0.5202763589479241,0.2618993580404447
157,0.5824605930444897,0.3919891795885206
158,0.7712107995995753,0.5301355156152653
159,0.9253680879327999,0.08406520469993892
160,0.4007687212719456,0.296999611388362
161,0.7637626514799485,0.5833994505415485
162,0.8440893820005086,0.16267609100611366
166,0.5233529990914155,0.3503784678449968
167,0.9890187536101652,0.4531533522312657
168,0.7913556057768019,0.6483869869387949
171,0.2454724011639179,0.34256540697447707
172,0.835795844558115,0.5452436012973267
173,0.8560607685401713,0.18761602572259295
176,0.7960397807128518,0.5378260537274999
177,0.9203558623359437,0.26327292121611084
178,0.9148669505820901,0.1787445845617945
179,0.9418235686409261,0.2687445553412031
180,0.9543799492885838,0.2276090233288335
184,0.391875279339366,0.3014818678522485
186,0.8968217159750373,0.7292663396984544
187,0.605063712454145,0.5126227932251499
188,0.8551279195592366,0.674073255617239
189,0.3666224414322449,0.3415711197384483
191,0.5936768255129415,0.35853678624077934
192,0.8949670475100454,0.07974467140320397
194,0.904781843926166,0.7012623960727614
200,0.30419149914173893,0.31653913291665875
201,0.9747748848709732,0.7225334438495864
202,0.552907791035145,0.21585441039290407
204,0.4530931572546455,0.47991068491100913
206,0.7549252866233485,0.26299718361610397
209,0.6888036040750711,0.31828930301974345
210,0.6555098206054093,0.19889936086826335
212,0.7522246788309783,0.07376248192640489
213,0.5933080051712878,0.23212311939862013
214,0.5487767383518023,0.5783194083106068
215,0.9711399892938174,0.24529167185988687
217,0.6474557668221338,0.4690962369534263
218,0.30309299583601906,0.4291441593420187
219,0.2695562774428813,0.332506322733608
220,0.47758921323533454,0.5021648881132995
221,0.49240998401573716,0.5283124667624723
223,0.9423667589339005,0.5809870372119041
224,0.30041951622653007,0.35960156039744956
227,0.7978861500394159,0.6135842270804092
229,0.4164654320674886,0.3673138533382633
231,0.717759442003904,0.3832568482562812
232,0.23140481342013688,0.41382407852135517
234,0.5611884836413435,0.5261270326967358
235,0.6389313622385452,0.5755604232111683
236,0.8619377837405648,0.07097889879516568
237,0.635987281585674,0.3280719636135745
238,0.8653690175629177,0.20120988508450427
239,0.4407187438108853,0.1389259014701479
240,0.3754212317464934,0.5199761942682852
241,0.3097064557509041,0.2929755595813948
242,0.722393492348076,0.22262506852270722
246,0.8315688999203577,0.7703825780145764
248,0.9566094727698912,0.10558684092416754
250,0.25592096957882465,0.26810238373209133
252,0.3325164844482688,0.3851945707648705
253,0.62616003744496,0.6447416543425157
255,0.9624622386259319,0.6389705980516374
256,0.292321573521804,0.2321848983700808
257,0.5999969908537418,0.6191041110548613
258,0.6544163377911685,0.22211303859778406
259,0.5791383124796101,0.19356777251851293
261,0.33488178987383627,0.46060246949587874
262,0.47060752302809883,0.18139992697507037
263,0.4810104995682771,0.5336588706001396
265,0.46646573327436197,0.475137673749793
266,0.381546799809418,0.6340124440556953
273,0.987204906442434,0.18774735550446753
274,0.4576151063727181,0.21150529988290703
275,0.516734832402071,0.12181319635000416
276,0.5015950954964583,0.37001420999026646
277,0.803532546327615,0.5896912105891289
278,0.7535473816060596,0.5116420149889438
279,0.6964907294100012,0.44875282633039165
282,0.5147213300431938,0.2607330980649894
284,0.7183432308905157,0.597887661670652
285,0.5288547368838362,0.19016547404768305
286,0.36103459550139544,0.31340970742260577
287,0.6288616232940625,0.12988530530590386
288,0.6604193457093571,0.7467765423920366
289,0.9732057986827071,0.39296597659671834
290,0.8441955408458074,0.3946360293905699
292,0.5242703105738379,0.37784846269529143
293,0.900801126481399,0.5235349682189008
294,0.7607302257331975,0.5075961850810797
300,0.26704260725786194,0.3298505638199881
303,0.5636244515833474,0.25217473018755804
305,0.8079925122353879,0.6355204781400949
307,0.2601341001694019,0.256095360734739
309,0.7912417548282402,0.2966214774842471
312,0.8284308043224995,0.28729099151863174
317,0.4656687421726035,0.3871830564582273
320,0.5279250377936315,0.10370468305695964
321,0.5090963875480697,0.4887813539142598
323,0.46017159857216827,0.09677303757890555
325,0.5540989267468341,0.12384597976122794
326,0.8652326520162301,0.3080964630945812
330,0.7141530181986565,0.31931270173313914
331,0.3538346967444262,0.2899546817307152
332,0.7036740057269635,0.45095094071986186
334,0.5688176588393955,0.5672646418794283
335,0.652321320889049,0.12009316684928902
337,0.6802623395079491,0.3824731437675529
338,0.3892275897824997,0.21676056233247734
341,0.8759124387715718,0.44214954926477396
342,0.632448055130338,0.24111489884543175
343,0.6330566476301024,0.4834652159655356
345,0.33842753636880857,0.4548986385827931
346,0.3763079673191898,0.31659617321359124
348,0.44267143992421554,0.4373748626136005
350,0.6091872396269359,0.12867489187392864
352,0.654978909975049,0.09119546097550385
353,0.23486705606626862,0.39418326388031555
354,0.39429802695159577,0.542885778754549
355,0.5896636026714258,0.1285778628613867
357,0.7668338547739038,0.35394681811236234
359,0.5825464805689484,0.23032651341710128
360,0.7429095990838593,0.501288514687201
361,0.4359815136163973,0.31754922556326637
362,0.40464079137089587,0.6257876628800972
364,0.7931868805713935,0.7546198419107619
366,0.8193813577278531,0.7672143308280184
368,0.3964639285913604,0.44826486284181105
375,0.6436433558331813,0.41189160591578877
376,0.44849338512121484,0.7692640885346383
378,0.3490204573174664,0.6082211679420575
383,0.5500158069250296,0.6750809402556396
384,0.7984946352900684,0.616187330501676
385,0.2732519514134994,0.18109440721238917
390,0.42761359330415594,0.6939177896170406
391,0.5525637328031856,0.24590978154709905
393,0.8261131639743153,0.7482729539932221
394,0.5687430479138516,0.36639386562328435
395,0.9402309904697903,0.5859381047302347
396,0.882841537544785,0.4026972864801989
397,0.31464368877643273,0.4177121805827427
398,0.38423496257102663,0.47963732781540325
399,0.3664438335940443,0.4675636625133691
404,0.9121634483098275,0.3410411961559572
406,0.6398187192737668,0.7040416430654468
407,0.3105057660587562,0.41895835601210657
409,0.9156420018606701,0.11416744074739847
411,0.3954341744580831,0.5248181427918667
413,0.5461757714786611,0.4041710689175572
417,0.4888868002709001,0.36911290830556076
419,0.9130950503739954,0.0786392743606965
421,0.6470027059969604,0.5298393150224021
422,0.9852043044123027,0.7120937001065234
427,0.6141662317723456,0.2105580838783467
431,0.5134360968172375,0.691573825068132
434,0.9677832168166935,0.40837429558427984
438,0.5909147662515623,0.48003509588632937
439,0.9278901288639629,0.6046552106884924
441,0.8809007786383514,0.38868205810516454
442,0.5610711042021559,0.4098892327754057
443,0.32509975637320326,0.271090782080759
446,0.6419181875395276,0.12828612524824493
448,0.7362146147188656,0.500406235323872
449,0.2546712098122437,0.43328520069039644
454,0.25225078797742606,0.47408477021249623
455,0.5424358278172096,0.658501862596277
457,0.9016520208368637,0.2552777348354878
458,0.7136882810184841,0.5865033268257495
460,0.7449374879195227,0.40984447085314585
462,0.6738776161382424,0.3992045545081192
465,0.5465377192234327,0.26782281088022464
466,0.5330353826319865,0.6384528857289641
468,0.4106413453502484,0.47024088146505183
473,0.862532891415316,0.7453379102245622
474,0.7044006246788296,0.3950530843416628
475,0.23098612233961144,0.29009323267536713
477,0.8523176154817742,0.25731598885273016
478,0.47968785891982607,0.6694365368825431
482,0.8312819124703363,0.16077608400605714
484,0.9197689408704476,0.23428748506561864
485,0.8259824343545253,0.26304691936951236
487,0.26128392732062683,0.44042293809623884
488,0.8565269429529323,0.6621218998365387
489,0.5891877771964724,0.2597502416916275
490,0.6941002839041116,0.6549224645416973
494,0.8096762032198297,0.5792171655340242
495,0.7810001919332049,0.19177625514118476
496,0.28578982651531815,0.23483296741214618
498,0.5765542060905879,0.16876286483195332
500,0.25997832614945493,0.33332782565831776
502,0.6602867280046637,0.08019695390159062
504,0.5737635846468692,0.42140356269796264
505,0.8164322613093334,0.6227625158465517
508,0.6119430987203308,0.4873124865899998
509,0.5741133683618012,0.1512474394567006
510,0.45182058012059456,0.7096520628532355
511,0.5434596293934112,0.07573999633859538
512,0.98667774689612,0.5380604802757148
515,0.5880556323793931,0.43597547789925034
516,0.8086464582425406,0.2885048053449785
517,0.6807796379544702,0.602799392360378
519,0.5203852433227689,0.3686120629856997
523,0.6097979999871911,0.21770130780685742
525,0.4685018718071151,0.6669803134674408
527,0.42722397422766833,0.13939590360313064
528,0.3310217372295238,0.24228124149513322
530,0.48791410293008297,0.211372418007725
533,0.23967801526089264,0.1936114103794691
534,0.7023238901210379,0.5351532378754544
535,0.8742358887675478,0.4365027153513749
538,0.39174922600346107,0.5444571814311053
542,0.5464960691498234,0.2735924075999241
543,0.6964062282864724,0.6367692472148101
544,0.6778615639160844,0.36433601155466716
546,0.8761383987184519,0.12586205854302157
547,0.6702471299418229,0.6041410639835078
549,0.4431957125827623,0.28962136795221943
550,0.7967197161139434,0.7678825981878638
553,0.605715663262343,0.21886922132593173
556,0.9437875558286667,0.2589396340796966
558,0.283766338008979,0.4722892599515963
561,0.36838866345322807,0.4472204216946132
563,0.666647358277922,0.2858074769092758
566,0.7506891853491121,0.215259508382287
567,0.36438909216515236,0.3642362440810793
568,0.5166012616202685,0.20284976614922595
570,0.8626930905141125,0.25618387652706476
572,0.8474021813798127,0.27952792538129945
573,0.6175224646602496,0.25700636413430056
574,0.41718851361245435,0.5708125217065846
576,0.4495978884333537,0.24482727445237182
577,0.7462634755195788,0.27322226948464695
578,0.6422792916164433,0.5935763044236108
579,0.9374869346180573,0.3267433397769016
581,0.7090693880313029,0.5000046005534483
582,0.6699516913407345,0.37694415195501035
583,0.8637268160633957,0.4176357646761957
584,0.4770269395577654,0.3977965125694551
585,0.6425074688536869,0.10590521488213371
586,0.3948835816098943,0.5438691046158735
589,0.6951674468312817,0.45491546443264175
592,0.950006977653841,0.7515293949952311
595,0.5766632676613945,0.30825598610080907
596,0.9812035111755028,0.7315639234321916
598,0.7611914246581832,0.16957544245797482
599,0.542103027103948,0.7144686181529374
600,0.5187527368436708,0.7168915576243491
605,0.2524605247380058,0.22008455703775429
609,0.5110900834982914,0.44728828114008096
612,0.32674658825523245,0.2313567360504274
616,0.8789983710817957,0.37962780233777915
617,0.510250596719822,0.3413859586824288
618,0.9342117300581689,0.4135016052313187
621,0.8980134522841497,0.5207900352043953
623,0.5301035060816648,0.35419840134129577
624,0.6268132485510035,0.3846528162354862
626,0.9747108587122901,0.7284717247429497
628,0.566684668767082,0.17060140621817124
629,0.7103568977440985,0.4766250089012525
630,0.3796459258557762,0.368413313630643
631,0.3826074333744935,0.5268895024868935
633,0.6156968887356581,0.38750153199349174
634,0.6630258194717061,0.2900122948968898
635,0.44050976763526484,0.42705021753952377
636,0.581567080790917,0.19169751072681995
640,0.3726826601773765,0.4201861876803852
642,0.696925294241873,0.6994850204911376
643,0.5534029462028035,0.0943925244012027
644,0.43241240437873,0.5024050150063517
648,0.7734383718696999,0.22878102320552637
650,0.5227156623665643,0.13611816106174857
651,0.8386893005127174,0.6116999061940428
653,0.6599332949069064,0.2065178439923218
654,0.5425804193631771,0.2154538261041331
656,0.845958564102848,0.6372044291006503
660,0.2897122613127219,0.19165404719645546
663,0.9039208656845414,0.10637933597689535
665,0.4403278322653411,0.1061003856420054
666,0.5772378241377243,0.3266228257370057
667,0.8070528618643059,0.45459257352840143
668,0.25573602229843817,0.28354204329926164
669,0.7001070499820276,0.4700318879279664
670,0.6101838501100858,0.23864542811878203
671,0.4871367640563376,0.3339013267471092
672,0.7584344310252359,0.10861587696169349
676,0.4010788225287948,0.379039588784591
685,0.6677525391425713,0.6734093942169476
686,0.8944481501731495,0.19201226309407854
691,0.5509243326463227,0.47448937951662445
694,0.8170243596329329,0.26509141516753304
696,0.4772051396830021,0.3053902702067218
701,0.5089442322967784,0.6456088860568051
702,0.4006760661397975,0.5891123790706265
707,0.30778666819777295,0.46244080055986475
708,0.5392533073149285,0.713135383415013
710,0.8894606533164581,0.6331592721536405
711,0.5793693552376231,0.20056471477152238
714,0.6328043789013943,0.563257651831832
719,0.2361792722700112,0.23045690545318334
721,0.48477974883338426,0.6222528648079999
722,0.9348684744163756,0.723745970735729
725,0.7085916951605009,0.37897405053570854
727,0.25753548236123297,0.3547465448130726
728,0.5167065362879093,0.7476474317581985
729,0.2626324492152289,0.39912247884124524
731,0.6102969926334656,0.5008826502294199
734,0.4274020425262492,0.4564475748470123
736,0.6292848918253198,0.7347363194491767
740,0.3856072615919407,0.5472637780748055
741,0.9858058221881205,0.45325392117859015
744,0.6142492849436852,0.6093268368505026
747,0.4057238181204241,0.08447382793639928
749,0.5632240388696541,0.4856896058673519
750,0.796797724364925,0.6419702825658237
752,0.7631547994505925,0.09520372426211902
753,0.9748722087540387,0.2016087857825715
755,0.8318923814499078,0.6257649754617306
756,0.9226928451091431,0.450432466920047
757,0.5639159381708535,0.5684505144112642
760,0.6568896101767367,0.2663193132341843
763,0.7528221362624224,0.6117669279258644
765,0.8892864187364744,0.19873570111915767
766,0.26951643741203224,0.4298200759568821
767,0.6818488491465251,0.47819552135227184
769,0.7333934935594939,0.5173206896132002
771,0.7732774274119136,0.2000834936434879
772,0.7368714803194194,0.350134057380778
775,0.3438045007015251,0.3272247443313178
776,0.5588194403924315,0.4098216543181033
778,0.9127885273285773,0.6521535670602453
779,0.37613033917652383,0.13150207251373522
781,0.3364085328476482,0.2859727593494852
787,0.7704022036115806,0.3665725311787687
789,0.49745690242030494,0.3017275733557994
792,0.8997318246263077,0.19013606953776538
798,0.7496853647721047,0.7031668105238388
800,0.34299428140711,0.5479648493556897
801,0.8371076430172756,0.1979523947155504
802,0.4868672685927102,0.09281147589944914
803,0.24895026933948677,0.45368903900195706
804,0.6380162122639281,0.7282075281301695
807,0.3911222143345839,0.3849352354616952
809,0.46418512290743835,0.10206784905412858
813,0.6103719853937508,0.5290937943933399
814,0.8631551413892972,0.7401375047095428
816,0.5230856521756516,0.4383483506755449
819,0.4215930654158965,0.34367469462207595
823,0.48800739018645156,0.4846164130624554
824,0.5139670091078085,0.26494518663361455
827,0.9852080408301036,0.3963159950322197
828,0.793891325336077,0.4060300903801324
833,0.6291624206851628,0.5589811435117241
834,0.558237043499076,0.32657179560390204
835,0.37127695879049166,0.29157791699223656
837,0.4442481618760445,0.5730281922303442
841,0.7646154480218857,0.7354987361515526
843,0.7867927607843848,0.354805621422806
844,0.4751925171095477,0.31605210339275147
845,0.4848277964459394,0.2835081235151699
846,0.585623775639089,0.5709450138218443
850,0.837196739449309,0.11357941295410183
851,0.358594503619389,0.23156706406635574
853,0.6420020730493553,0.448144691131147
856,0.6488640043043077,0.16976500794816685
861,0.44401709996994726,0.3761836968607868
863,0.7540592488553763,0.5902659026618067
866,0.5135247160208068,0.08112055178437483
868,0.5081860039885909,0.15122916237150866
870,0.36922323343856,0.4357131659301124
871,0.9066838039799449,0.7652468316638519
872,0.38945958707037587,0.22914613139708737
873,0.2346635576754978,0.20973484311007276
874,0.35959730873325,0.5156393775378871
877,0.6350377619332744,0.28966216597966726
880,0.27157909126013374,0.22579848273258948
883,0.5384593328945926,0.5273207836137203
884,0.9070965984825798,0.754719835368603
885,0.5700034177897635,0.33268179529040165
886,0.8035254582581806,0.6815825317389012
889,0.4094818606935785,0.40272369055078794
890,0.5756845487271982,0.5149229912387022
891,0.4266864947041913,0.39991960755412326
892,0.5820431646395434,0.08586043257674521
894,0.6367509552440076,0.28928400211398614
895,0.6197343345927614,0.6900661900181125
896,0.5465429198160159,0.32245431911227673
899,0.743768493555998,0.6597221179222291
900,0.5719575289805388,0.6038917346671948
901,0.6416274985542838,0.49464895904950407
902,0.5921231592395013,0.152623414813097
905,0.6327378600963391,0.39844469727179865
907,0.4830043635080437,0.16416629586878648
909,0.6653012369598594,0.36751917575518317
910,0.7152084389334701,0.47381303146189024
911,0.8607782695265278,0.6086031213355779
912,0.7188304362624185,0.28222017929680665
914,0.9776905599961518,0.679230080412136
917,0.8490141152696358,0.2557463180456615
920,0.6741472032240503,0.33176408155794657
922,0.5602957164528607,0.6806930029827175
923,0.6145822202917612,0.2620004508774691
925,0.7472658165239112,0.18415795078219216
926,0.5510504861158668,0.40793276230902564
927,0.4363354560301224,0.12433714443283717
928,0.7786217475166494,0.30970726734705706
933,0.7620135692974769,0.13273599940651307
934,0.4314065578781834,0.11773942484228311
935,0.9772046293594752,0.19326103554482726
936,0.4102509621057546,0.5460214466267764
937,0.4685934567635608,0.47040726833724156
938,0.6767895194726112,0.5240466895016267
939,0.9053018331534627,0.39563127668342585
940,0.8218419456393439,0.1960243258901464
942,0.7593926865206003,0.731322923784268
944,0.5370297543344504,0.7063955648623529
946,0.8328408871157517,0.35420680530951804
950,0.6207632667971418,0.424214793511571
951,0.7807788686319331,0.5924218382400643
953,0.47809316373485,0.5069771425751186
955,0.7773366155063395,0.23522333608934384
956,0.34684066442934247,0.1494311220148128
966,0.7140481181320268,0.6461920393353494
968,0.9501700282385683,0.47069124461945044
970,0.48370255233203135,0.08659939430578871
972,0.6814583037318666,0.1055510868864333
973,0.7182814955841382,0.4897835711666688
975,0.6602354440091698,0.2845529228684385
976,0.8804782243176067,0.6214163475697306
979,0.8277419808366495,0.15332489327897725
980,0.7919130605994296,0.07709748423765968
981,0.6118455659607737,0.6120623713274529
984,0.42986843570837285,0.1392678587843746
988,0.0,0.18915911830113652
991,0.35690518678313976,0.7361486775818209
994,0.027205885147353222,0.7195876495759804
996,1.0,0.6701822340722677
998,0.1857101295072127,0.08506730365990638
999,0.6919676108446318,0.0
