NODE,X,Y
2,0.09924957658482172,0.295822342452513
4,0.5222164921477276,0.6266821896135355
7,0.7079769939249403,0.6795257041659011
8,0.14069939187592057,0.5955630571076319
9,0.9567534246471734,0.008542546629812596
10,0.46831785290918093,0.7512946476613496
12,0.7921941090131889,0.21404516547425298
14,0.7403649600869433,0.17983648279995265
22,0.5575486178130673,0.6551767068024015
24,0.41930465279568924,0.2025365242079907
26,0.9031567559156083,0.7293214427348118
28,0.9471190276949191,0.0
29,0.478612777553912,0.1952204644251382
32,0.37649751409858795,0.8784265339218112
35,0.20192158288629738,0.41931314888557014
36,0.6836752739001194,0.38668936329953696
38,0.8456851810096823,0.0015299534472222542
41,0.18132141941677182,0.7210612723427596
44,0.6681368996246484,0.3194879235726591
47,0.5393116167128135,0.5357689647154165
48,0.6120001976538325,0.5813677072763358
49,0.2087089402905828,0.3541627729971712
50,0.7645093631617863,0.8248299398554596
52,0.3424476927582816,0.6963685770323769
56,0.3477268054577562,0.38110421858815235
57,0.35576662317660046,0.13179475773836216
58,0.33765403002607375,0.6470495171742644
60,0.3318798944189319,0.10028576711631573
61,0.8811425462589564,0.08004622491416559
62,0.49737806369903204,0.9072581487229738
63,0.587910936704115,0.861892010832815
65,0.4434722974512931,0.3197803865741277
67,0.4674374351874862,0.3750945390685173
68,0.3493563978784403,0.07717319132958542
69,0.3458462263205944,0.906657703140618
70,0.9606378460089141,0.8855285220343736
71,0.23213321050347036,0.3920505162413957
74,0.1632241135107836,0.2501240838219172
77,0.46496528893572237,0.9264934933181304
78,0.737616479759702,0.3652192717593326
79,0.9103140786386162,0.063128692026961
81,0.15592344597563776,0.3445662282599742
87,0.2031502835845573,0.5708977536636264
89,0.1252791844755561,0.7108956863151049
91,0.507365007099837,0.4335450611822604
92,0.7660370340053174,0.3261362084980132
93,0.015187450158922313,0.3231308086241999
95,0.7645038204999575,0.7464540405291775
96,0.23562185569904928,0.17281895345043408
97,0.9415630477750025,0.1155695850192882
98,0.1841690396322833,0.43244158419385864
