NODE,X,Y
3,0.9500280368892413,0.42461042441875035
5,0.6379535420870469,0.2608556483287443
6,0.7818924737614548,0.8476561095631977
7,0.3022543040443043,0.5420835828904614
9,0.4003488653415731,0.045858713257913124
10,0.04062987280528181,0.0
11,0.5763058335250459,0.23860661560846108
12,0.35252175812067443,0.46926821209428116
15,0.15729066252306814,0.4078464768354357
17,0.26537018318153766,0.2759964067874667
18,0.35030773357284445,0.07713432679726312
19,0.2681725767481521,0.8833021143249927
20,0.3638193299658806,0.7096481558194405
21,0.3185936930864273,0.3981929610505867
26,0.5255199079654514,0.12210364677478718
28,0.8845180908778766,0.25633385363881867
29,0.0021138426671853815,0.13853318097051492
34,0.4543648512160536,0.8809520962484328
37,0.37081442080023536,0.1760019975988324
42,0.5425739195621331,0.5817648006386305
43,0.31930624535655555,0.19320323316952726
45,0.3268418926664936,0.8079444779218149
46,0.7208160795457141,0.5858436053069842
47,0.0,0.31665869518607004
48,0.5092204722272816,0.25849453083941454
52,0.6232980809904318,0.21754664620275527
54,0.6556246401578132,0.2123152604854807
55,0.23991631618971074,0.7534058766595638
57,0.6398450744795585,0.3935657294051506
58,0.7448465012479545,0.8773452131683138
61,0.7199137772954163,0.29270461090991734
63,0.1699421011254707,0.2513490642578733
64,0.5416847746503204,0.573662066903105
69,0.9306557064107338,0.13140126756117615
71,0.6669746666152675,0.8737553464361028
73,0.6987083315572052,0.0019559926032206815
74,0.3149173792549676,0.2109226009937732
78,0.21893060886509813,0.47243351183681065
79,0.5971440562632566,0.3163927622536113
83,0.4540477837273312,0.41843685156448435
86,0.5263124451059361,0.3836534010785579
88,0.6087544994793537,0.38154168251137566
89,0.17319251842189995,0.35071080624367573
91,0.29785626600583237,0.7598527708413891
95,0.45690845334606167,0.1978070255062719
96,0.04712718446594955,0.31478612317018706
97,0.2908637146613069,0.7724658579483636
99,0.8250099256238397,0.6865220720581244
100,0.05437026687203972,0.359686580669281
