NODE,X,Y
1,0.5270615056589786,0.6585716728355815
34,0.4543648512160536,0.8809520962484328
92,0.2561497940153435,0.5658690903668223
37,0.37081442080023536,0.1760019975988324
89,0.17319251842189995,0.35071080624367573
75,0.7289362014124272,0.36175628123501496
19,0.2681725767481521,0.8833021143249927
27,0.638515837534033,0.2286840348836942
9,0.4003488653415731,0.045858713257913124
63,0.1699421011254707,0.2513490642578733
67,0.2405429675801021,0.1543410589160635
68,0.8525930087741935,0.4832970337780509
24,0.007533157319720796,0.016488974217696
50,0.5403327370628452,0.2554209435581189
73,0.6987083315572052,0.0019559926032206815
21,0.3185936930864273,0.3981929610505867
20,0.3638193299658806,0.7096481558194405
18,0.35030773357284445,0.07713432679726312
97,0.2908637146613069,0.7724658579483636
40,0.5142610622858508,0.32892084540290883
4,0.5760341798002023,0.38561584961771
22,0.6213437799620035,0.8038704177466014
8,0.4553442745197449,0.4177563481201156
11,0.5763058335250459,0.23860661560846108
94,0.4258504048328187,0.6557705726749391
6,0.7818924737614548,0.8476561095631977
79,0.5971440562632566,0.3163927622536113
59,0.3848303995439588,0.5980173552956953
10,0.04062987280528181,0.0
90,0.8024493936503571,0.6191031774736153
77,0.45979661827921803,0.30138145690519913
42,0.5425739195621331,0.5817648006386305
35,0.5036590920313025,0.34369156250184557
95,0.45690845334606167,0.1978070255062719
45,0.3268418926664936,0.8079444779218149
17,0.26537018318153766,0.2759964067874667
53,0.4333745862758686,0.1600290969703967
33,0.7652798643297671,0.5313517374817395
74,0.3149173792549676,0.2109226009937732
70,0.5451670946256824,0.40365988296293187
7,0.3022543040443043,0.5420835828904614
26,0.5255199079654514,0.12210364677478718
