NODE,X,Y
2,0.5396401267458686,0.7391684395896558
4,0.6953589367044932,0.1740516443656541
8,0.28014071920605277,0.7596992838039283
9,0.3893752202630566,0.5849370740732432
11,0.9537223589050731,0.5397613174825806
12,0.37923424315596616,0.33734550583717393
17,0.7008964882234933,0.5921918538579973
22,0.8529650957548733,0.41214277974903907
24,0.40020630469014284,0.6571880823407098
25,0.2390329654240313,0.4581555146269447
27,0.8299456123753955,0.9273465856798455
28,0.17159507603914664,0.3209512507329915
30,0.24147953473606673,0.09292726567063214
31,0.1601211014612505,0.4718102980763546
32,0.25751111437466895,0.7789786447538043
33,0.08757641627962262,0.24017234887763503
36,0.4988967072830524,0.5936564081797456
41,0.5332855031148027,0.7462366020513216
48,0.5561150943486209,0.8663755816026708
50,0.0,0.521969935006039
54,0.904981047395294,0.7786415869945317
57,0.3758238869775236,0.7694507201853892
58,0.8575514655490338,0.4035790861357645
60,0.5577234150689944,0.5130467886876603
65,0.8457632713415698,0.058843471190922134
68,0.78957860363732,0.6220927829009699
70,1.0,0.4091555611197258
73,0.36123712074738373,0.01929986363688684
75,0.7596163383874932,0.7301932059634546
76,0.5452740821362791,0.10993568628927317
81,0.9377823831550995,0.7094590090939608
84,0.991708749172992,0.023959608375952183
85,0.4066477454163768,0.3809894929013478
87,0.8691478179603508,0.8473461500568419
88,0.22567423130882444,0.26680473369155466
89,0.7783570002033675,0.8011933903210596
90,0.17423047018483978,0.4015921756814561
93,0.19106072223822598,0.044252878982660136
94,0.8753014580558821,0.8378457891495441
96,0.30121309268960367,0.7662161121353537
97,0.30560058750570884,0.5224358836708342
98,0.4809502551561102,0.38102894272706084
