NODE,X,Y
94,0.3184796735141286,0.25544528363685887
37,0.8098622960236643,0.6629808766045481
31,0.535174275901541,0.5024336211745285
6,0.6108194121546803,0.36690945751158865
54,0.4090220821781915,0.5233905177154421
68,0.3808461835906777,0.5935666891591875
70,0.8250308251915929,0.3320764935157077
76,0.1580551188887984,0.5442231020550359
18,0.634123808690781,0.5380190378830296
60,0.7100899983831759,0.39986092498753245
32,0.2915284907339962,0.4999374202553277
80,0.5763971071068913,0.4841051112584062
39,0.7044714299127321,0.7279229027720255
55,0.2784471135824529,0.19813365988547982
21,0.4314047775175265,0.010415262607607176
69,0.9060241296878343,0.6234255385679359
4,0.6158175706601746,0.36180269616122596
22,0.6204503094176027,0.046492195249227694
90,0.5483325255597318,0.7137416513832479
40,0.6231370405037683,0.2695325245610647
71,0.6285291218617063,0.2982866410181895
83,0.7996002334605165,0.7404542852063742
5,0.6990607256945522,0.5164730653441456
38,0.7193126758233619,0.22294053231337513
9,0.5892050679928279,0.3206213148683029
12,0.5088496572136626,0.6580578964430972
20,0.18286668804517225,0.5115198074567937
67,0.6426077389737684,0.446978166654626
53,0.6843877965379775,0.3719226217461649
79,0.5763971071068913,0.4841051112584062
36,0.6995678955818108,0.6879947937845247
100,0.35514893062327935,0.0
10,0.5892050679928279,0.3206213148683029
92,0.8124728810872907,0.2778675064338496
16,0.7472005179983979,0.5829279639953056
35,0.3201863657928182,0.22045655898907154
34,0.6183791135955253,0.5546834430546067
73,0.5778186970868483,0.469450864379834
98,0.567100130447366,0.7410772566534286
56,0.8224292456170071,0.3869400231216436
13,0.4737132694510142,0.19289436009171987
11,0.5088496572136626,0.6580578964430972
