NODE,X,Y
1,0.883674950701283,0.2916123112201356
24,0.4935394697813147,0.5905273976490022
51,0.41758434780276316,0.7465253602524087
53,0.7487995982946438,0.4414393708712204
37,0.23621909244832118,0.7150228818064052
21,0.7784986449457634,0.8181139817429232
45,0.5920187621004678,0.28432351142425655
5,0.3239036281034011,0.6706262136071343
39,0.5587982248309219,0.05577962295039663
70,0.17830451922980578,0.6346758749388313
28,0.20852364100005555,0.7056240706424545
40,0.07784839344064125,0.29583016949534335
67,0.12625480858130442,0.2503072250638096
74,0.004210949085594548,0.5089993598517558
90,0.581840367288966,0.5476599548802434
66,0.7811488448402604,0.33161441060914404
49,0.10233667185135713,0.2504842782454562
7,0.15932385699867996,0.4219010055650938
81,0.0026331014052649497,0.1768507309133249
20,0.3203941722432647,0.2841603062238952
61,0.24148880238077913,0.5807806206286461
50,0.9792503140789319,0.4022344820112216
41,0.7125142813741977,0.013293640537101388
59,0.22723124453414567,0.5218877021745775
17,0.9045302721614825,0.7121568056598012
87,0.9457225515110312,0.46282402163777414
92,0.33481519198637605,0.6649501702681411
57,0.02678711093721508,0.3465658413690067
72,0.6413951511099495,0.1955799559961796
94,0.7570280834202107,0.35583854468691656
69,0.5762396934703378,0.12440299313938177
97,0.49047440733758796,0.47983946348548023
14,0.1391051360898239,0.7214768962616002
26,1.0,0.009444534166575647
18,0.17899505198630344,0.6691224284572271
99,0.2681067715824622,0.37770036323900946
44,0.4367323128950855,0.16924813114797452
65,0.004083036839188127,0.3021039003495946
33,0.9308819900139724,0.0
32,0.0,0.4363798714863867
22,0.4037223896657102,0.4857526921364959
95,0.5834359658184611,0.24809066080921266
