NODE,X,Y
8,0.6036899170693631,0.3367378895632954
10,0.5892050679928279,0.3206213148683029
11,0.5088496572136626,0.6580578964430972
12,0.5088496572136626,0.6580578964430972
13,0.4737132694510142,0.19289436009171987
14,0.4737132694510142,0.19289436009171987
15,0.7472005179983979,0.5829279639953056
16,0.7472005179983979,0.5829279639953056
17,0.5119598875634629,0.4869856504753883
18,0.634123808690781,0.5380190378830296
23,0.6204503094176027,0.046492195249227694
24,0.7798665935726259,0.31714687819013365
44,0.9939651292001656,0.14801926899828136
45,0.4770806114342393,0.6170571711084466
46,0.9615377545541743,0.2665461925406324
47,0.35496195279436876,0.4230719053350245
48,0.7782006291340255,0.7365325935974754
49,0.8579403025947855,0.314700763155974
50,0.2766330805417159,0.23977730845053988
51,0.5064978788119324,0.33731756595655166
52,0.7388569094976845,0.5166728474992154
53,0.6843877965379775,0.3719226217461649
54,0.4090220821781915,0.5233905177154421
55,0.2784471135824529,0.19813365988547982
56,0.8224292456170071,0.3869400231216436
57,0.6244832498809301,0.20640860785872464
72,0.6285291218617063,0.2982866410181895
73,0.5778186970868483,0.469450864379834
74,0.7302451904856597,0.5815569457032845
75,0.7684244254514604,0.6883890516985386
76,0.1580551188887984,0.5442231020550359
77,0.1580551188887984,0.5442231020550359
78,0.1580551188887984,0.5442231020550359
79,0.5763971071068913,0.4841051112584062
81,0.5867100155349321,0.5223032920465874
82,0.8757619715161437,0.13976109836884706
83,0.7996002334605165,0.7404542852063742
84,0.6600424676168749,0.6012327942865057
85,0.6812254995528868,0.4779895808988045
86,0.6575935734226968,0.2386002468615869
87,0.9126624161443841,0.01047953127474432
88,0.7993362327873734,0.6346616071434674
