NODE,X,Y
67,0.33765403002607375,0.6470495171742644
18,0.9567534246471734,0.008542546629812596
80,0.23213321050347036,0.3920505162413957
98,0.1252791844755561,0.7108956863151049
81,0.8726507365301939,0.03975843303398605
28,0.49462358084624136,0.6778437871856773
66,0.35576662317660046,0.13179475773836216
88,0.9103140786386162,0.063128692026961
63,0.6747412034970661,0.16161823932490807
72,0.587910936704115,0.861892010832815
95,0.42669007888301286,0.009089239015408961
44,0.20192158288629738,0.41931314888557014
75,0.3312023627241051,0.5548680126399891
62,0.4085724504750259,0.552676485272353
9,0.581818679482248,0.8971710033111847
79,0.9606378460089141,0.8855285220343736
32,0.6938151047106718,0.10092382245943
2,0.19861894514211342,0.5299315001639531
74,0.4434722974512931,0.3197803865741277
25,0.06463905521815774,0.25269572838929266
85,0.39759794396731707,0.315487926552815
38,0.478612777553912,0.1952204644251382
39,0.8447935256373263,0.04485818237045695
17,0.14069939187592057,0.5955630571076319
43,0.8356187392738036,0.8168396296967159
26,0.2281720170366268,0.628144321374069
96,0.2031502835845573,0.5708977536636264
46,0.32383522594407377,0.03461341499328444
21,0.7921941090131889,0.21404516547425298
52,0.45014035166959043,0.16633716633045276
56,0.5393116167128135,0.5357689647154165
47,0.8456851810096823,0.0015299534472222542
58,0.2087089402905828,0.3541627729971712
69,0.3318798944189319,0.10028576711631573
1,0.8715902099763028,0.1554570782097501
16,0.7079769939249403,0.6795257041659011
8,0.9792275677752036,0.48790953700656786
48,0.45548300758592375,0.6193092182702459
94,0.06782304672192932,0.3639880706891393
78,0.3458462263205944,0.906657703140618
68,0.16329438739989813,0.2302718533521498
71,0.49737806369903204,0.9072581487229738
