NODE,X,Y
43,0.9611541850275912,0.9131096849590178
49,0.3941035920055882,0.828762639481748
10,0.16643308034699508,0.6393532935206897
1,0.4441894089475132,0.09270098635876742
82,0.9624836163773323,0.8289748994443837
34,0.45520482649410154,0.151063646029071
32,0.04188800448876647,0.5121444923296231
58,0.0,0.5088343047323075
35,0.435533287894132,0.16228827002438448
11,0.20080692374991368,0.2978656274280176
15,1.0,0.11569143443968022
40,0.6977562163489196,0.13712674638775596
19,0.4757829294655403,0.8070740878777561
54,0.4531502868042088,0.7983047173026161
9,0.8986643285568514,0.08991783982019481
17,0.4948201413486929,0.13119564802071043
100,0.26009116815811306,0.048838882698586016
91,0.46202937569821667,0.10067348744677851
28,0.1703719673049899,0.05401733969815339
7,0.4550200630494291,0.12930555406505967
50,0.37430922192607907,0.4391275086394753
53,0.9970388239081979,0.40101569915751595
52,0.47422062434109047,0.24860354752123676
22,0.28188774184308824,0.7372861012752203
75,0.8024148843546751,0.8409945892766082
73,0.8075401354738824,0.6680677045444371
14,0.7025376313202767,0.34506050337640615
66,0.7500523491901813,0.39130185923798483
47,0.711871961381334,0.6217009646120637
29,0.33460021028594816,0.5910583585903825
2,0.7858104336226714,0.6171647537262995
5,0.7909656960664303,0.20433691815500313
24,0.3853859397800616,0.4924877117427039
85,0.41502406039878886,0.23607706946065138
59,0.3256067906510831,0.3508359856418818
94,0.8851627357466014,0.39178365267031584
20,0.5607357915678408,0.44913452694421413
84,0.6795547080409525,0.0
21,0.935594025870137,0.37766834718059256
79,0.9832709441450188,0.537177557119638
37,0.4734797517286566,0.34083687950074176
83,0.36233737406338673,0.034847481033056814
