NODE,X,Y
10,0.943591036641226,0.6059052068243944
11,0.15509655220198665,0.7044286887611159
12,0.19829167906379824,0.30449836738306973
15,0.8058592491219263,0.0
17,0.4075224057713101,0.38157722205198474
20,0.7506731463215085,0.9001845363702002
23,0.6733677624419089,0.23124115809044019
25,0.1804751695821547,0.6440235285819412
26,0.6661835263598608,0.2774712932197203
28,0.7985941414696031,0.47366751428464504
29,0.7427046501766951,0.4221381209857188
33,0.6521378877424081,0.49499238505022003
37,0.10272851872053304,0.3295220696193757
42,0.36469860851663893,0.8566791697498818
46,0.2634064856016908,0.019709964054069697
47,0.11637328243105713,0.44353069940942336
48,0.5456739477527377,0.8940884471762757
49,0.8224535493803764,0.06891017961499223
50,0.1993357277720871,0.31512791393561035
54,0.2828419195259408,0.27577585118681286
56,0.35370839777782354,0.7056793243746279
58,0.8090509909608775,0.8096807189407261
60,0.3634617184001627,0.30481356985400593
63,0.7179042735254476,0.31025652939776993
64,0.5888625621734137,0.5832124323302499
68,0.4396498192991584,0.013388973708152063
69,0.13045959323310258,0.7174492493080201
71,0.6814558214622315,0.8063773411975338
73,0.1548597233192059,0.48997715425656346
74,0.30502800204595176,0.28161880806264844
77,1.0,0.14928389387730395
83,0.20638960308848872,0.6321119916970296
85,0.6072194775919129,0.1576579967309767
86,0.5893596424705191,0.3855591020467195
89,0.7442271212575576,0.9504746169612593
90,0.5894095423633928,0.37164294514074664
91,0.3877449445292021,0.6680391545776714
92,0.43743363613270086,0.5880151434677726
94,0.1262369644058376,0.05504030712571637
95,0.7400758679237998,0.4548133827603588
98,0.9863302020824579,0.8608502255742002
99,0.5401660079100683,0.5748576626007614
