NODE,X,Y
83,0.20638960308848872,0.6321119916970296
85,0.6072194775919129,0.1576579967309767
94,0.1262369644058376,0.05504030712571637
54,0.2828419195259408,0.27577585118681286
69,0.13045959323310258,0.7174492493080201
9,0.7759450260979907,0.9294634665407336
92,0.43743363613270086,0.5880151434677726
25,0.1804751695821547,0.6440235285819412
100,0.20132952314905828,0.5273126795797918
47,0.11637328243105713,0.44353069940942336
21,0.24663569278699135,0.774256616501347
24,0.21456755250284507,0.14472581352183872
80,0.32155113110426153,0.06254767235696397
37,0.10272851872053304,0.3295220696193757
5,0.22159739712508641,0.572935587240764
30,0.9165609829285829,0.5270119264817673
84,0.6672337900881016,0.5802787418144418
12,0.19829167906379824,0.30449836738306973
71,0.6814558214622315,0.8063773411975338
60,0.3634617184001627,0.30481356985400593
61,0.5320215893916521,0.6261451611338349
46,0.2634064856016908,0.019709964054069697
15,0.8058592491219263,0.0
42,0.36469860851663893,0.8566791697498818
50,0.1993357277720871,0.31512791393561035
17,0.4075224057713101,0.38157722205198474
3,0.7932296824162833,0.3307373833981258
96,0.5990125661696105,0.8689767632181846
62,0.9991079309396246,0.11794091848272215
63,0.7179042735254476,0.31025652939776993
65,0.6671868030970416,0.5958367208006238
38,0.7946787823354494,0.0698971269639779
56,0.35370839777782354,0.7056793243746279
36,0.15290195195214792,0.5127000718825415
88,0.000670585128819171,0.2736788640886623
10,0.943591036641226,0.6059052068243944
89,0.7442271212575576,0.9504746169612593
41,0.05660009399517322,0.16091890364335715
29,0.7427046501766951,0.4221381209857188
7,0.0,0.5478071689105914
58,0.8090509909608775,0.8096807189407261
70,0.3294263598706154,0.7450564580194451
