NODE,X,Y
7,0.4668482134962724,0.3879276638098538
54,0.9360702419899497,0.29568134862718976
58,0.6521359848928219,0.08723076600276684
6,0.8439036231498765,0.17926774482195745
100,0.0,0.4379200864646803
73,0.2950706974392092,0.17563803905760944
55,0.6357833508068511,0.47858389571774956
99,0.38240475209129043,0.024755879657648094
5,0.8287100738165706,0.3599083100312935
1,0.2694326416329961,0.22791069021167829
49,0.39873210472714105,0.30700965389874546
43,0.9107412809639089,0.360928114589681
32,0.7352803345635176,0.1854595969424913
30,0.4654030940502449,0.1344466021320266
83,0.5273078923519813,0.4881004865796508
10,0.671801994633321,0.2490919828115596
98,1.0,0.09233764237690288
70,0.32915305242204895,0.3339957982810188
82,0.23384197510956384,0.2848749405431284
63,0.30993754401924195,0.06729168629981501
46,0.9149830374121493,0.21724037216448547
13,0.3663105325083854,0.4925027882510782
44,0.8188601428587816,0.3190223832120542
16,0.5960421233862729,0.06791369489532417
53,0.5013104763637376,0.6941345871337319
12,0.3340595947146865,0.0
79,0.6029161984453151,0.3051031581675311
52,0.7640744601287678,0.3639258641749757
64,0.21121022046404286,0.3769867226264548
91,0.5724285100812199,0.1547313167704662
69,0.45682363215076344,0.13413141945345847
56,0.24856460220063267,0.25500187776539707
48,0.429366303028564,0.10712154575769771
15,0.22896755513364678,0.00829314819470244
31,0.6452520208389698,0.1761408579673399
24,0.9861842282241778,0.27365885018143377
41,0.7646411036170171,0.1902765003949872
88,0.46133394554512347,0.14852968363115396
14,0.6480244666814003,0.04642196470073744
40,0.713983725775346,0.6513057204614595
71,0.6675736279667235,0.4579877313529824
61,0.448614759846445,0.3596194495945928
