NODE,X,Y
20,0.8491598483756366,0.2549254365417799
57,0.6615999563688852,0.574119078613002
51,0.483192256633432,0.09369543568186364
63,0.30993754401924195,0.06729168629981501
25,0.9441770979142058,0.42675263549024295
79,0.6029161984453151,0.3051031581675311
50,0.548693916785692,0.4854925389876647
78,0.9453421262302658,0.15463607949465266
75,0.46208990702469643,0.05238630895538863
24,0.9861842282241778,0.27365885018143377
37,0.4736291427199083,0.19700731247338713
58,0.6521359848928219,0.08723076600276684
27,0.9959685220050173,0.06773280247653204
29,0.5303982076417476,0.669526697654121
53,0.5013104763637376,0.6941345871337319
40,0.713983725775346,0.6513057204614595
44,0.8188601428587816,0.3190223832120542
89,0.4753432172217522,0.27183051453222673
4,0.2339740860418191,0.19327553481390375
72,0.41354157777870737,0.2969244181873402
31,0.6452520208389698,0.1761408579673399
56,0.24856460220063267,0.25500187776539707
12,0.3340595947146865,0.0
93,0.34729466362588307,0.47744660976468906
77,0.5816509100473831,0.24933421147803386
3,0.3121431533678135,0.27382844005299384
35,0.6642568310523949,0.6270326859077302
88,0.46133394554512347,0.14852968363115396
82,0.23384197510956384,0.2848749405431284
98,1.0,0.09233764237690288
6,0.8439036231498765,0.17926774482195745
23,0.9571896800274532,0.4071978379181179
46,0.9149830374121493,0.21724037216448547
32,0.7352803345635176,0.1854595969424913
36,0.5901192667708657,0.380725129043704
62,0.6972339096960369,0.4193806271665681
22,0.6273824320739873,0.4593758860910802
15,0.22896755513364678,0.00829314819470244
8,0.9520777240115256,0.3728365641208025
65,0.5466145235443449,0.0824464016518999
28,0.4378089659103757,0.20176025576449155
38,0.9653733212636336,0.2638796967934275
