NODE,X,Y
3,0.5253418848659697,0.7990588521380547
77,0.462341668430457,0.29411133832947084
80,0.39049258036297674,0.37923883973432826
29,0.3382589970132814,0.8658869117434232
45,0.5920187621004678,0.28432351142425655
65,0.004083036839188127,0.3021039003495946
56,0.7432197190063993,0.0007229959082268179
53,0.7487995982946438,0.4414393708712204
10,0.7853291760436429,0.7670126581806582
33,0.9308819900139724,0.0
38,0.7823399454010573,0.10257022327565304
23,0.722753594820517,0.34998001815872176
20,0.3203941722432647,0.2841603062238952
83,0.9645561579969489,0.33190388336752225
82,0.5261648811724359,0.7344673916643786
63,0.047382483567792275,0.3411767927870967
44,0.4367323128950855,0.16924813114797452
39,0.5587982248309219,0.05577962295039663
31,0.3649260927556106,0.3398828881803075
52,0.14104899260665302,0.056486757433690485
25,0.19472530802873883,0.4752681915420957
30,0.49849983703776013,0.7946128371245715
41,0.7125142813741977,0.013293640537101388
8,0.38568472906785106,0.42913357025583726
92,0.33481519198637605,0.6649501702681411
40,0.07784839344064125,0.29583016949534335
26,1.0,0.009444534166575647
85,0.5182444966009664,0.87551510581028
35,0.5512606307072719,0.32869206002628987
78,0.5383248771186235,0.216551537572131
71,0.16024822797385832,0.16370930177368667
75,0.3840052615582133,0.7731061893425306
22,0.4037223896657102,0.4857526921364959
97,0.49047440733758796,0.47983946348548023
46,0.3653928495599698,0.6163120170824515
19,0.5055078528796794,0.45105045010765826
57,0.02678711093721508,0.3465658413690067
5,0.3239036281034011,0.6706262136071343
34,0.776964215780708,0.7233479534231947
9,0.8206751788729288,0.0815202304106566
48,0.20338299113753772,0.48532681894638413
2,0.5524368160886779,0.49195485800421673
