NODE,X,Y
57,0.6615999563688852,0.574119078613002
78,0.9453421262302658,0.15463607949465266
20,0.8491598483756366,0.2549254365417799
82,0.23384197510956384,0.2848749405431284
3,0.3121431533678135,0.27382844005299384
58,0.6521359848928219,0.08723076600276684
37,0.4736291427199083,0.19700731247338713
72,0.41354157777870737,0.2969244181873402
17,0.2643111312661521,0.2714196488910486
97,0.31537397601194633,0.33474396091846687
77,0.5816509100473831,0.24933421147803386
14,0.6480244666814003,0.04642196470073744
74,0.2740645862452868,0.2630581083152905
31,0.6452520208389698,0.1761408579673399
22,0.6273824320739873,0.4593758860910802
100,0.0,0.4379200864646803
44,0.8188601428587816,0.3190223832120542
27,0.9959685220050173,0.06773280247653204
46,0.9149830374121493,0.21724037216448547
35,0.6642568310523949,0.6270326859077302
61,0.448614759846445,0.3596194495945928
36,0.5901192667708657,0.380725129043704
80,0.6585563447415856,0.6479603595378169
96,0.35660561657891043,0.5475213267811742
63,0.30993754401924195,0.06729168629981501
11,0.6169283058170068,0.2621587889039155
56,0.24856460220063267,0.25500187776539707
9,0.9523666291065783,0.5808021485557668
98,1.0,0.09233764237690288
15,0.22896755513364678,0.00829314819470244
1,0.2694326416329961,0.22791069021167829
55,0.6357833508068511,0.47858389571774956
70,0.32915305242204895,0.3339957982810188
71,0.6675736279667235,0.4579877313529824
83,0.5273078923519813,0.4881004865796508
99,0.38240475209129043,0.024755879657648094
21,0.2813445475764588,0.4055442131756212
62,0.6972339096960369,0.4193806271665681
38,0.9653733212636336,0.2638796967934275
79,0.6029161984453151,0.3051031581675311
54,0.9360702419899497,0.29568134862718976
52,0.7640744601287678,0.3639258641749757
