NODE,X,Y
78,0.5383248771186235,0.216551537572131
37,0.23621909244832118,0.7150228818064052
49,0.10233667185135713,0.2504842782454562
38,0.7823399454010573,0.10257022327565304
43,0.3656815933032492,0.008526637630262086
48,0.20338299113753772,0.48532681894638413
21,0.7784986449457634,0.8181139817429232
72,0.6413951511099495,0.1955799559961796
2,0.5524368160886779,0.49195485800421673
54,0.14835726515313363,0.42195219133740675
5,0.3239036281034011,0.6706262136071343
71,0.16024822797385832,0.16370930177368667
45,0.5920187621004678,0.28432351142425655
95,0.5834359658184611,0.24809066080921266
52,0.14104899260665302,0.056486757433690485
26,1.0,0.009444534166575647
60,0.3353668067592774,0.2869110406138738
83,0.9645561579969489,0.33190388336752225
12,0.3297112770337699,0.4396930521551635
11,0.5942751864064642,0.5881247255328746
91,0.09832208275338644,0.3255440979491496
3,0.5253418848659697,0.7990588521380547
89,0.7391137898580737,0.6860485748959316
68,0.5628719717004234,0.4035612802833053
92,0.33481519198637605,0.6649501702681411
64,0.8478974495638966,0.8906948363616259
20,0.3203941722432647,0.2841603062238952
63,0.047382483567792275,0.3411767927870967
81,0.0026331014052649497,0.1768507309133249
22,0.4037223896657102,0.4857526921364959
65,0.004083036839188127,0.3021039003495946
17,0.9045302721614825,0.7121568056598012
97,0.49047440733758796,0.47983946348548023
57,0.02678711093721508,0.3465658413690067
42,0.22507102570963505,0.6396794059529799
19,0.5055078528796794,0.45105045010765826
31,0.3649260927556106,0.3398828881803075
18,0.17899505198630344,0.6691224284572271
53,0.7487995982946438,0.4414393708712204
87,0.9457225515110312,0.46282402163777414
55,0.2545365392185159,0.060399038516602783
73,0.387815353730498,0.7553350381169701
