NODE,X,Y
86,0.6575935734226968,0.2386002468615869
92,0.8124728810872907,0.2778675064338496
85,0.6812254995528868,0.4779895808988045
21,0.4314047775175265,0.010415262607607176
71,0.6285291218617063,0.2982866410181895
55,0.2784471135824529,0.19813365988547982
27,0.7727607841901015,0.1886913301197066
90,0.5483325255597318,0.7137416513832479
11,0.5088496572136626,0.6580578964430972
99,0.5822750440445218,0.6698818465618709
15,0.7472005179983979,0.5829279639953056
26,0.5639927433264261,0.33045119593060446
7,0.6036899170693631,0.3367378895632954
97,0.32608155011672146,0.6227395524227014
87,0.9126624161443841,0.01047953127474432
93,0.6071054278134489,0.08897192634232048
84,0.6600424676168749,0.6012327942865057
6,0.6108194121546803,0.36690945751158865
23,0.6204503094176027,0.046492195249227694
10,0.5892050679928279,0.3206213148683029
81,0.5867100155349321,0.5223032920465874
95,1.0,0.09917135196343166
12,0.5088496572136626,0.6580578964430972
72,0.6285291218617063,0.2982866410181895
1,0.7104761131667424,0.5509657794123016
18,0.634123808690781,0.5380190378830296
22,0.6204503094176027,0.046492195249227694
69,0.9060241296878343,0.6234255385679359
53,0.6843877965379775,0.3719226217461649
91,0.03001558212803845,0.04474214162735879
25,0.2766036174675372,0.26870715248237054
16,0.7472005179983979,0.5829279639953056
88,0.7993362327873734,0.6346616071434674
83,0.7996002334605165,0.7404542852063742
50,0.2766330805417159,0.23977730845053988
20,0.18286668804517225,0.5115198074567937
52,0.7388569094976845,0.5166728474992154
24,0.7798665935726259,0.31714687819013365
29,0.7294930591941677,0.3634749037854016
4,0.6158175706601746,0.36180269616122596
100,0.35514893062327935,0.0
94,0.3184796735141286,0.25544528363685887
