NODE,X,Y
47,0.2700523822422985,0.42986238132508725
100,0.6010576060632973,0.4177833914291786
80,0.2059610723012493,0.6937770468769493
54,0.9991950067062463,0.5449340512754234
63,0.6531437208842497,0.7250401429299419
77,0.6673315048311458,0.3190748572408021
35,0.5376545190429639,0.751489166096538
4,1.0,0.12913485846061168
92,0.5500931306456702,0.06855726465723146
2,0.8097739844362769,0.34772834099397887
37,0.4958571048279234,0.8693982224588066
52,0.37867680186856206,0.43972281193563756
38,0.5552000226727234,0.9216017294350793
78,0.3064078800167032,0.9052637735273882
56,0.2989303947590746,0.5090669264891682
86,0.32071564981639455,0.836877596680907
89,0.40566957121948916,0.02553957161565968
13,0.20380626083923864,0.6172759746438898
18,0.8785297927076157,0.36506505059988376
44,0.18198678722502434,0.00902272665872849
87,0.9277618798715429,0.5575653999180209
96,0.9761848618272045,0.7317241359313562
25,0.24133646572523443,0.3799911168122073
43,0.37866640556862363,0.28323943903249643
64,0.9140472802733469,0.24879821660843976
57,0.4686043780031269,0.6098291918779488
33,0.3493900088707301,0.4721091352787774
5,0.07375289910169854,0.31031975580638305
67,0.4270104279051664,0.5680473931194503
82,0.43694725734781686,0.8051605567301535
90,0.1200340844378546,0.6228823153995489
84,0.579793789537725,0.6806119540878102
73,0.44126269105320187,0.3570668112622005
28,0.26782076069335947,0.16262007555127742
41,0.2914621182667119,0.11210965317378564
95,0.4034666434314455,0.351390300904161
11,0.4582159008522646,0.7274294911006678
32,0.21700147914497558,0.3586361452600346
65,0.4124451057471187,0.34264220002324036
69,0.3645946625947643,0.8696853535072362
79,0.3587200268430253,0.25618930889789326
20,0.4203271766254893,0.4925750353398418
