NODE,X,Y
17,0.7008964882234933,0.5921918538579973
57,0.3758238869775236,0.7694507201853892
12,0.37923424315596616,0.33734550583717393
33,0.08757641627962262,0.24017234887763503
70,1.0,0.4091555611197258
28,0.17159507603914664,0.3209512507329915
18,0.1977561383722819,0.5796923888940425
78,0.5068530476079451,0.47953149698411734
90,0.17423047018483978,0.4015921756814561
62,0.5085724527835401,0.2654429041427777
24,0.40020630469014284,0.6571880823407098
51,0.4069658411487254,0.29850244572507134
13,0.19604409028267916,0.6020283607824501
94,0.8753014580558821,0.8378457891495441
58,0.8575514655490338,0.4035790861357645
53,0.26212529528568,0.18053734296178867
76,0.5452740821362791,0.10993568628927317
54,0.904981047395294,0.7786415869945317
19,0.9893549259205047,0.02046561689487607
56,0.24115173215607086,0.2375923413093099
60,0.5577234150689944,0.5130467886876603
42,0.33442433567699614,0.001582749874024995
68,0.78957860363732,0.6220927829009699
37,0.8606738341205845,0.9154835685120576
21,0.7282943268885603,0.4497565092588628
59,0.09881687822109723,0.19486264467823064
6,0.18956005272474374,0.4341711325582695
85,0.4066477454163768,0.3809894929013478
61,0.3243575348456014,0.4153184556759135
3,0.4819533135099816,0.5163979139918442
15,0.8106121571002489,0.9183627147319751
22,0.8529650957548733,0.41214277974903907
82,0.5352789167604388,0.37740862904675126
5,0.7601137006063005,0.12398295978154966
7,0.12208516011820564,0.383671742974209
30,0.24147953473606673,0.09292726567063214
73,0.36123712074738373,0.01929986363688684
36,0.4988967072830524,0.5936564081797456
44,0.05784853781185491,0.37061888952852035
65,0.8457632713415698,0.058843471190922134
2,0.5396401267458686,0.7391684395896558
9,0.3893752202630566,0.5849370740732432
