NODE,X,Y
1,0.5343924564737975,0.3311371599354926
2,0.47544880375596715,0.010475475449211744
8,0.2648920643991232,0.3677725885988381
10,0.7189346575128378,0.20046773476525384
11,0.4567744150443052,0.46259254068065053
13,0.2744668140955852,0.2863043359903018
15,0.6575704431151373,0.2227089030965408
19,0.40394159105269034,0.055646048467169924
20,0.5627625009068931,0.572173454634843
26,0.7068766530842804,0.5892471482046194
28,0.8964605203244778,0.3827123834815029
29,0.8070699122961462,0.10804629166640317
30,0.37868805950268736,0.7156859439691912
31,0.3668617002175729,0.6871480822366457
32,0.681801959553431,0.5621230429750056
37,0.9496398711430941,0.31075202667605706
39,0.4795299498513979,0.26197746045008335
40,0.7559480973747735,0.5185092854824125
43,0.14520385928002405,0.32246249733327303
53,0.8646357942431077,0.05164333950169259
55,0.39857520277799763,0.6105094427221798
56,0.8153259250203011,0.5459730389573585
58,1.0,0.3590909768622098
59,0.8100037394373943,0.23446836086713727
62,0.45285487713631806,0.014791212807308005
64,0.6009146897493404,0.09648387247529293
70,0.5921425403768927,0.3312286234353996
74,0.45980052205574967,0.4695539133168464
75,0.8851589900316181,0.7436642335537221
76,0.3204213186594508,0.2341583044614352
78,0.2752722550980922,0.3524530529929093
86,0.5444615749423153,0.3344059527926061
88,0.7639222219328234,0.03638559468332273
90,0.30133867330144276,0.45042143265844004
92,0.6134778479883923,0.02338236714311201
93,0.3316811118601699,0.5692849376749698
94,0.24732143495711162,0.619872658018706
96,0.9593459051181132,0.4149993852316211
97,0.6243535479969183,0.7599827696374456
98,0.27892483421306385,0.6478843798118088
