NODE,X,Y
81,0.46622656308318555,0.10658839376549777
91,0.3877449445292021,0.6680391545776714
27,0.9270339541042094,0.424316057485933
33,0.6521378877424081,0.49499238505022003
10,0.943591036641226,0.6059052068243944
25,0.1804751695821547,0.6440235285819412
35,0.39001250506282176,0.3353832224875148
79,0.4618587844413717,0.17896540295065907
49,0.8224535493803764,0.06891017961499223
90,0.5894095423633928,0.37164294514074664
31,0.7501384174593726,0.21613391536725646
68,0.4396498192991584,0.013388973708152063
65,0.6671868030970416,0.5958367208006238
82,0.3272768247906464,0.5047196143340179
52,0.5927934067162987,0.8082174813487697
74,0.30502800204595176,0.28161880806264844
84,0.6672337900881016,0.5802787418144418
28,0.7985941414696031,0.47366751428464504
63,0.7179042735254476,0.31025652939776993
93,0.21317984523556543,0.23066252177078833
6,0.7146237927520018,0.5986303581237756
59,0.5500771539077386,0.019688522350364123
5,0.22159739712508641,0.572935587240764
2,0.22197777952186018,0.21460665450058378
13,0.45354938564945996,0.37267765750904813
95,0.7400758679237998,0.4548133827603588
21,0.24663569278699135,0.774256616501347
7,0.0,0.5478071689105914
16,0.5004383005682862,0.42726275793397406
86,0.5893596424705191,0.3855591020467195
57,0.7633687826946283,0.6979369260629105
3,0.7932296824162833,0.3307373833981258
22,0.34343224694017127,0.5625873008900377
100,0.20132952314905828,0.5273126795797918
30,0.9165609829285829,0.5270119264817673
56,0.35370839777782354,0.7056793243746279
38,0.7946787823354494,0.0698971269639779
36,0.15290195195214792,0.5127000718825415
80,0.32155113110426153,0.06254767235696397
85,0.6072194775919129,0.1576579967309767
92,0.43743363613270086,0.5880151434677726
88,0.000670585128819171,0.2736788640886623
