NODE,X,Y
87,0.828662992403703,0.48346658142838317
86,0.5444615749423153,0.3344059527926061
98,0.27892483421306385,0.6478843798118088
25,0.43880079973950786,0.46820971748096885
53,0.8646357942431077,0.05164333950169259
80,0.48140595514407614,0.3326164721146055
35,0.33118509079623215,0.472314748621158
27,0.6249699985288015,0.12537238761501138
52,0.7376911573491927,0.6353453044888226
5,0.7034360280402447,0.46888704204619613
6,0.7381480742741351,0.39353529365591516
74,0.45980052205574967,0.4695539133168464
63,0.7890298652328683,0.6408462124038926
18,0.4271996925221237,0.14782917601026493
30,0.37868805950268736,0.7156859439691912
31,0.3668617002175729,0.6871480822366457
11,0.4567744150443052,0.46259254068065053
99,0.4572066621840019,0.40617054588064955
28,0.8964605203244778,0.3827123834815029
90,0.30133867330144276,0.45042143265844004
42,0.9166076383811788,0.6833664128485134
57,0.8998291756839865,0.05772339037741467
10,0.7189346575128378,0.20046773476525384
8,0.2648920643991232,0.3677725885988381
14,0.2707281051394228,0.43513751547754637
16,0.6834199562935677,0.23138940826604962
91,0.21841323724797038,0.49704435956940857
95,0.8057060889734848,0.35396022606859956
46,0.87498157608172,0.35419684357960635
77,0.8054774054791499,0.7031587604445362
97,0.6243535479969183,0.7599827696374456
43,0.14520385928002405,0.32246249733327303
73,0.47925077655371096,0.33437133007743736
61,0.4393966303026221,0.01693831770906612
75,0.8851589900316181,0.7436642335537221
55,0.39857520277799763,0.6105094427221798
36,0.6222610957506697,0.6523725661531313
64,0.6009146897493404,0.09648387247529293
34,0.953228725460508,0.4012338856787772
12,0.8161908087566734,0.2664958344616675
48,0.6118407128781901,0.4502699951619691
24,0.8683119142113056,0.06205700188936632
