NODE,X,Y
19,0.6811988734623788,0.7393420859916191
76,0.4449208132281791,0.8721524890819855
97,0.34369407598283835,0.6813638321830198
12,0.5633215005212476,0.4678456089256646
18,0.8785297927076157,0.36506505059988376
81,0.14684852884562313,0.231237994480702
20,0.4203271766254893,0.4925750353398418
63,0.6531437208842497,0.7250401429299419
96,0.9761848618272045,0.7317241359313562
54,0.9991950067062463,0.5449340512754234
98,0.113563396602882,0.22685349329536408
39,0.582097032401014,0.6808391151046207
52,0.37867680186856206,0.43972281193563756
53,0.4302373218364371,0.5336885928549371
24,0.04941484614586673,0.0
68,0.16853751063227312,0.2161255572693586
82,0.43694725734781686,0.8051605567301535
1,0.36180709780649095,0.15307191728108097
38,0.5552000226727234,0.9216017294350793
99,0.9271150598007418,0.07602944791900779
48,0.5773152285460157,0.05973894176534965
26,0.7704219516059866,0.2556964275355263
69,0.3645946625947643,0.8696853535072362
2,0.8097739844362769,0.34772834099397887
61,0.4334762159388411,0.5158585905369769
21,0.6632169660628995,0.45956939212773823
33,0.3493900088707301,0.4721091352787774
78,0.3064078800167032,0.9052637735273882
72,0.320796222905556,0.11809562223019836
93,0.8906903992149092,0.4289917098813204
80,0.2059610723012493,0.6937770468769493
95,0.4034666434314455,0.351390300904161
92,0.5500931306456702,0.06855726465723146
35,0.5376545190429639,0.751489166096538
10,0.5991339093044205,0.7177462492831068
77,0.6673315048311458,0.3190748572408021
79,0.3587200268430253,0.25618930889789326
56,0.2989303947590746,0.5090669264891682
67,0.4270104279051664,0.5680473931194503
47,0.2700523822422985,0.42986238132508725
37,0.4958571048279234,0.8693982224588066
31,0.5291800734914877,0.8276308115720119
