NODE,X,Y
11,0.9537223589050731,0.5397613174825806
89,0.7783570002033675,0.8011933903210596
14,0.10091074856659107,0.036227359620227655
32,0.25751111437466895,0.7789786447538043
57,0.3758238869775236,0.7694507201853892
4,0.6953589367044932,0.1740516443656541
76,0.5452740821362791,0.10993568628927317
13,0.19604409028267916,0.6020283607824501
5,0.7601137006063005,0.12398295978154966
92,0.40910339972760296,0.37898997205361734
63,0.5680710146093447,0.0
53,0.26212529528568,0.18053734296178867
52,0.721922299375187,0.5908000237186439
29,0.957980044223139,0.3703070702667794
50,0.0,0.521969935006039
73,0.36123712074738373,0.01929986363688684
58,0.8575514655490338,0.4035790861357645
33,0.08757641627962262,0.24017234887763503
28,0.17159507603914664,0.3209512507329915
54,0.904981047395294,0.7786415869945317
16,0.948021721786102,0.508191373346526
2,0.5396401267458686,0.7391684395896558
93,0.19106072223822598,0.044252878982660136
95,0.6520234282186388,0.6720935544141731
100,0.7310081790497394,0.041458486479994165
7,0.12208516011820564,0.383671742974209
51,0.4069658411487254,0.29850244572507134
61,0.3243575348456014,0.4153184556759135
96,0.30121309268960367,0.7662161121353537
22,0.8529650957548733,0.41214277974903907
99,0.8047751294220414,0.5508716541292277
21,0.7282943268885603,0.4497565092588628
26,0.5922627839185952,0.16345947854936427
48,0.5561150943486209,0.8663755816026708
35,0.1579642550019836,0.1788889667399796
49,0.6835022630536979,0.055584773826233023
64,0.7011199706567963,0.7239253596245531
80,0.8571193074013275,0.29855445852414925
43,0.8829415122957243,0.1030371204383046
44,0.05784853781185491,0.37061888952852035
68,0.78957860363732,0.6220927829009699
19,0.9893549259205047,0.02046561689487607
