NODE,X,Y
10,0.671801994633321,0.2490919828115596
70,0.32915305242204895,0.3339957982810188
17,0.2643111312661521,0.2714196488910486
5,0.8287100738165706,0.3599083100312935
35,0.6642568310523949,0.6270326859077302
69,0.45682363215076344,0.13413141945345847
19,0.39862899518749784,0.26519467854424067
7,0.4668482134962724,0.3879276638098538
100,0.0,0.4379200864646803
84,0.9352804415977148,0.6180462531435682
51,0.483192256633432,0.09369543568186364
95,0.48359147191341095,0.3659044654564035
79,0.6029161984453151,0.3051031581675311
41,0.7646411036170171,0.1902765003949872
80,0.6585563447415856,0.6479603595378169
97,0.31537397601194633,0.33474396091846687
26,0.9641328287131607,0.6870332491273244
72,0.41354157777870737,0.2969244181873402
85,0.9609926120530249,0.18260120739314806
36,0.5901192667708657,0.380725129043704
49,0.39873210472714105,0.30700965389874546
24,0.9861842282241778,0.27365885018143377
99,0.38240475209129043,0.024755879657648094
74,0.2740645862452868,0.2630581083152905
34,0.8180861031188906,0.5004810011533993
11,0.6169283058170068,0.2621587889039155
8,0.9520777240115256,0.3728365641208025
98,1.0,0.09233764237690288
55,0.6357833508068511,0.47858389571774956
40,0.713983725775346,0.6513057204614595
96,0.35660561657891043,0.5475213267811742
53,0.5013104763637376,0.6941345871337319
1,0.2694326416329961,0.22791069021167829
92,0.3437546423440556,0.241395035957672
32,0.7352803345635176,0.1854595969424913
78,0.9453421262302658,0.15463607949465266
93,0.34729466362588307,0.47744660976468906
75,0.46208990702469643,0.05238630895538863
62,0.6972339096960369,0.4193806271665681
22,0.6273824320739873,0.4593758860910802
61,0.448614759846445,0.3596194495945928
54,0.9360702419899497,0.29568134862718976
