NODE,X,Y
17,0.966005678553541,0.8221862945270448
62,0.9170738621131644,0.08438031863659316
97,0.34369407598283835,0.6813638321830198
71,0.5772787474518999,0.4258639429288177
29,0.16663813281226741,0.4468970125702996
46,0.551540645457418,0.8182908374009152
7,0.3154752189908365,0.21876369517322972
33,0.3493900088707301,0.4721091352787774
47,0.2700523822422985,0.42986238132508725
36,0.3975905535797115,0.43791253843448924
65,0.4124451057471187,0.34264220002324036
93,0.8906903992149092,0.4289917098813204
41,0.2914621182667119,0.11210965317378564
99,0.9271150598007418,0.07602944791900779
67,0.4270104279051664,0.5680473931194503
8,0.27897778812046803,0.08047405360779883
58,0.41648375354841266,0.1800461918651498
18,0.8785297927076157,0.36506505059988376
49,0.3177176319781392,0.26748393750624505
53,0.4302373218364371,0.5336885928549371
76,0.4449208132281791,0.8721524890819855
72,0.320796222905556,0.11809562223019836
34,0.31758697891816956,0.11633675103766582
98,0.113563396602882,0.22685349329536408
4,1.0,0.12913485846061168
2,0.8097739844362769,0.34772834099397887
94,0.001964797674700714,0.195435729020078
10,0.5991339093044205,0.7177462492831068
1,0.36180709780649095,0.15307191728108097
16,0.22930789930310874,0.5430483637271053
42,0.8632607806299737,0.13034961034593495
23,0.9516464715098798,0.09736318692235618
21,0.6632169660628995,0.45956939212773823
38,0.5552000226727234,0.9216017294350793
51,0.5635304841142299,0.17521816241708332
54,0.9991950067062463,0.5449340512754234
20,0.4203271766254893,0.4925750353398418
88,0.8071263801591262,0.3478957248192332
79,0.3587200268430253,0.25618930889789326
66,0.5496055835789442,0.8971910894007189
9,0.18985844645006547,0.4243139072666613
69,0.3645946625947643,0.8696853535072362
