NODE,X,Y
95,0.45690845334606167,0.1978070255062719
26,0.5255199079654514,0.12210364677478718
6,0.7818924737614548,0.8476561095631977
64,0.5416847746503204,0.573662066903105
5,0.6379535420870469,0.2608556483287443
48,0.5092204722272816,0.25849453083941454
69,0.9306557064107338,0.13140126756117615
12,0.35252175812067443,0.46926821209428116
57,0.6398450744795585,0.3935657294051506
20,0.3638193299658806,0.7096481558194405
74,0.3149173792549676,0.2109226009937732
9,0.4003488653415731,0.045858713257913124
17,0.26537018318153766,0.2759964067874667
63,0.1699421011254707,0.2513490642578733
89,0.17319251842189995,0.35071080624367573
47,0.0,0.31665869518607004
78,0.21893060886509813,0.47243351183681065
43,0.31930624535655555,0.19320323316952726
58,0.7448465012479545,0.8773452131683138
18,0.35030773357284445,0.07713432679726312
37,0.37081442080023536,0.1760019975988324
46,0.7208160795457141,0.5858436053069842
34,0.4543648512160536,0.8809520962484328
28,0.8845180908778766,0.25633385363881867
71,0.6669746666152675,0.8737553464361028
10,0.04062987280528181,0.0
79,0.5971440562632566,0.3163927622536113
15,0.15729066252306814,0.4078464768354357
42,0.5425739195621331,0.5817648006386305
100,0.05437026687203972,0.359686580669281
54,0.6556246401578132,0.2123152604854807
88,0.6087544994793537,0.38154168251137566
29,0.0021138426671853815,0.13853318097051492
96,0.04712718446594955,0.31478612317018706
3,0.9500280368892413,0.42461042441875035
19,0.2681725767481521,0.8833021143249927
99,0.8250099256238397,0.6865220720581244
45,0.3268418926664936,0.8079444779218149
83,0.4540477837273312,0.41843685156448435
52,0.6232980809904318,0.21754664620275527
21,0.3185936930864273,0.3981929610505867
91,0.29785626600583237,0.7598527708413891
