NODE,X,Y
62,0.5229033056331776,0.013906168403242415
83,0.4540477837273312,0.41843685156448435
87,0.4307246735503085,0.719305489886884
15,0.15729066252306814,0.4078464768354357
99,0.8250099256238397,0.6865220720581244
71,0.6669746666152675,0.8737553464361028
92,0.2561497940153435,0.5658690903668223
91,0.29785626600583237,0.7598527708413891
14,0.4528249915618033,0.6724282385162242
50,0.5403327370628452,0.2554209435581189
18,0.35030773357284445,0.07713432679726312
89,0.17319251842189995,0.35071080624367573
41,0.24523457735128287,0.06771431344794025
67,0.2405429675801021,0.1543410589160635
2,0.8027911995774952,0.2959483433742821
55,0.23991631618971074,0.7534058766595638
36,0.870767115531579,0.10187008023881086
97,0.2908637146613069,0.7724658579483636
31,0.8817567620242882,0.15043899979642905
90,0.8024493936503571,0.6191031774736153
76,0.7109178931002363,0.6996917335439231
20,0.3638193299658806,0.7096481558194405
4,0.5760341798002023,0.38561584961771
96,0.04712718446594955,0.31478612317018706
77,0.45979661827921803,0.30138145690519913
86,0.5263124451059361,0.3836534010785579
78,0.21893060886509813,0.47243351183681065
85,0.36643451955441897,0.45633695549151343
75,0.7289362014124272,0.36175628123501496
95,0.45690845334606167,0.1978070255062719
10,0.04062987280528181,0.0
64,0.5416847746503204,0.573662066903105
60,0.92880851627641,0.10623364443237149
32,1.0,0.22344963584899355
88,0.6087544994793537,0.38154168251137566
17,0.26537018318153766,0.2759964067874667
26,0.5255199079654514,0.12210364677478718
100,0.05437026687203972,0.359686580669281
11,0.5763058335250459,0.23860661560846108
19,0.2681725767481521,0.8833021143249927
9,0.4003488653415731,0.045858713257913124
81,0.16620927266678712,0.3067713109657488
