NODE,X,Y
76,0.3204213186594508,0.2341583044614352
29,0.8070699122961462,0.10804629166640317
84,0.3867171877661784,0.6724613285012584
73,0.47925077655371096,0.33437133007743736
21,0.5992795996793167,0.2796938291344324
60,0.8169652446467756,0.44036271304645996
43,0.14520385928002405,0.32246249733327303
53,0.8646357942431077,0.05164333950169259
17,0.39309366796439416,0.032184910188375895
66,0.5671948820970156,0.42085565992792956
15,0.6575704431151373,0.2227089030965408
46,0.87498157608172,0.35419684357960635
81,0.2900431447669221,0.03883806320354195
5,0.7034360280402447,0.46888704204619613
96,0.9593459051181132,0.4149993852316211
63,0.7890298652328683,0.6408462124038926
19,0.40394159105269034,0.055646048467169924
47,0.20908632734768276,0.17101910393192515
89,0.8686139329213294,0.13476148395703857
38,0.942729142784637,0.7444111753092645
94,0.24732143495711162,0.619872658018706
2,0.47544880375596715,0.010475475449211744
14,0.2707281051394228,0.43513751547754637
80,0.48140595514407614,0.3326164721146055
28,0.8964605203244778,0.3827123834815029
22,0.5236064905326352,0.5965463747580069
40,0.7559480973747735,0.5185092854824125
77,0.8054774054791499,0.7031587604445362
74,0.45980052205574967,0.4695539133168464
6,0.7381480742741351,0.39353529365591516
4,0.6246940164094217,0.6582517412885728
16,0.6834199562935677,0.23138940826604962
100,0.0,0.3981276628363097
57,0.8998291756839865,0.05772339037741467
75,0.8851589900316181,0.7436642335537221
10,0.7189346575128378,0.20046773476525384
1,0.5343924564737975,0.3311371599354926
11,0.4567744150443052,0.46259254068065053
59,0.8100037394373943,0.23446836086713727
79,0.32287001319591385,0.5235547383529044
36,0.6222610957506697,0.6523725661531313
54,0.6264347630096804,0.4924649030694587
