NODE,X,Y
18,0.1977561383722819,0.5796923888940425
85,0.4066477454163768,0.3809894929013478
82,0.5352789167604388,0.37740862904675126
31,0.1601211014612505,0.4718102980763546
47,0.6126249969879949,0.5731946424793767
91,0.22846432365765507,0.5965489153181157
75,0.7596163383874932,0.7301932059634546
27,0.8299456123753955,0.9273465856798455
44,0.05784853781185491,0.37061888952852035
88,0.22567423130882444,0.26680473369155466
80,0.8571193074013275,0.29855445852414925
19,0.9893549259205047,0.02046561689487607
54,0.904981047395294,0.7786415869945317
99,0.8047751294220414,0.5508716541292277
8,0.28014071920605277,0.7596992838039283
70,1.0,0.4091555611197258
93,0.19106072223822598,0.044252878982660136
62,0.5085724527835401,0.2654429041427777
67,0.31472435612574595,0.6956268736926106
16,0.948021721786102,0.508191373346526
37,0.8606738341205845,0.9154835685120576
34,0.6331500068693527,0.18373693077316972
5,0.7601137006063005,0.12398295978154966
23,0.4775997669942132,0.8245402547722398
100,0.7310081790497394,0.041458486479994165
12,0.37923424315596616,0.33734550583717393
63,0.5680710146093447,0.0
72,0.7914464777551431,0.5017582299815528
48,0.5561150943486209,0.8663755816026708
90,0.17423047018483978,0.4015921756814561
24,0.40020630469014284,0.6571880823407098
64,0.7011199706567963,0.7239253596245531
57,0.3758238869775236,0.7694507201853892
36,0.4988967072830524,0.5936564081797456
22,0.8529650957548733,0.41214277974903907
45,0.8933226025831185,0.7877113487344587
68,0.78957860363732,0.6220927829009699
39,0.446337470539092,0.8550435297340816
42,0.33442433567699614,0.001582749874024995
21,0.7282943268885603,0.4497565092588628
25,0.2390329654240313,0.4581555146269447
95,0.6520234282186388,0.6720935544141731
