NODE,X,Y
21,0.2813445475764588,0.4055442131756212
78,0.9453421262302658,0.15463607949465266
91,0.5724285100812199,0.1547313167704662
69,0.45682363215076344,0.13413141945345847
58,0.6521359848928219,0.08723076600276684
100,0.0,0.4379200864646803
13,0.3663105325083854,0.4925027882510782
83,0.5273078923519813,0.4881004865796508
81,0.23207562215385538,0.43287539043870293
80,0.6585563447415856,0.6479603595378169
45,0.35542740791112326,0.3116452130847505
14,0.6480244666814003,0.04642196470073744
60,0.5453367969254729,0.1560699064394709
68,0.5714118407620037,0.33247507179273794
46,0.9149830374121493,0.21724037216448547
22,0.6273824320739873,0.4593758860910802
5,0.8287100738165706,0.3599083100312935
86,0.7013837653416833,0.5340092782903615
34,0.8180861031188906,0.5004810011533993
59,0.7390523764863944,0.3635026969910466
63,0.30993754401924195,0.06729168629981501
52,0.7640744601287678,0.3639258641749757
3,0.3121431533678135,0.27382844005299384
26,0.9641328287131607,0.6870332491273244
38,0.9653733212636336,0.2638796967934275
65,0.5466145235443449,0.0824464016518999
96,0.35660561657891043,0.5475213267811742
16,0.5960421233862729,0.06791369489532417
35,0.6642568310523949,0.6270326859077302
67,0.3136133415721385,0.5227485121664236
74,0.2740645862452868,0.2630581083152905
7,0.4668482134962724,0.3879276638098538
2,0.7174750102000594,0.5137159486640326
20,0.8491598483756366,0.2549254365417799
11,0.6169283058170068,0.2621587889039155
30,0.4654030940502449,0.1344466021320266
41,0.7646411036170171,0.1902765003949872
48,0.429366303028564,0.10712154575769771
12,0.3340595947146865,0.0
6,0.8439036231498765,0.17926774482195745
97,0.31537397601194633,0.33474396091846687
47,0.46109140331455206,0.7180747978012648
