NODE,X,Y
74,0.45980052205574967,0.4695539133168464
38,0.942729142784637,0.7444111753092645
37,0.9496398711430941,0.31075202667605706
44,0.3340049807839821,0.20852036252972836
73,0.47925077655371096,0.33437133007743736
85,0.3905678253945207,0.4585102333738931
84,0.3867171877661784,0.6724613285012584
91,0.21841323724797038,0.49704435956940857
57,0.8998291756839865,0.05772339037741467
61,0.4393966303026221,0.01693831770906612
31,0.3668617002175729,0.6871480822366457
22,0.5236064905326352,0.5965463747580069
100,0.0,0.3981276628363097
53,0.8646357942431077,0.05164333950169259
40,0.7559480973747735,0.5185092854824125
42,0.9166076383811788,0.6833664128485134
9,0.9674351514371532,0.32612008389997654
68,0.8746022971321827,0.26202310892368375
72,0.9927232729020425,0.02102789255365656
21,0.5992795996793167,0.2796938291344324
93,0.3316811118601699,0.5692849376749698
82,0.8905596660657297,0.7353263440003968
8,0.2648920643991232,0.3677725885988381
49,0.4070296584557708,0.3644997749741648
1,0.5343924564737975,0.3311371599354926
29,0.8070699122961462,0.10804629166640317
78,0.2752722550980922,0.3524530529929093
97,0.6243535479969183,0.7599827696374456
48,0.6118407128781901,0.4502699951619691
89,0.8686139329213294,0.13476148395703857
66,0.5671948820970156,0.42085565992792956
28,0.8964605203244778,0.3827123834815029
18,0.4271996925221237,0.14782917601026493
70,0.5921425403768927,0.3312286234353996
12,0.8161908087566734,0.2664958344616675
69,0.9453953778613401,0.6226490675625904
86,0.5444615749423153,0.3344059527926061
75,0.8851589900316181,0.7436642335537221
90,0.30133867330144276,0.45042143265844004
65,0.650084947501367,0.5113355800418129
30,0.37868805950268736,0.7156859439691912
34,0.953228725460508,0.4012338856787772
