NODE,X,Y
13,0.45354938564945996,0.37267765750904813
9,0.7759450260979907,0.9294634665407336
100,0.20132952314905828,0.5273126795797918
44,0.29033114602323906,0.2724227793441988
57,0.7633687826946283,0.6979369260629105
65,0.6671868030970416,0.5958367208006238
8,0.4787504819456255,0.20295517220081635
5,0.22159739712508641,0.572935587240764
17,0.4075224057713101,0.38157722205198474
70,0.3294263598706154,0.7450564580194451
42,0.36469860851663893,0.8566791697498818
18,0.2871436166364958,0.9454184519112961
47,0.11637328243105713,0.44353069940942336
71,0.6814558214622315,0.8063773411975338
69,0.13045959323310258,0.7174492493080201
88,0.000670585128819171,0.2736788640886623
83,0.20638960308848872,0.6321119916970296
67,0.35035790737484274,0.17861306104596458
59,0.5500771539077386,0.019688522350364123
58,0.8090509909608775,0.8096807189407261
60,0.3634617184001627,0.30481356985400593
46,0.2634064856016908,0.019709964054069697
37,0.10272851872053304,0.3295220696193757
77,1.0,0.14928389387730395
55,0.1857689672099186,0.7308528180228918
14,0.48077885177087437,0.61457992116763
7,0.0,0.5478071689105914
75,0.27312533124194593,0.5543670784737141
92,0.43743363613270086,0.5880151434677726
62,0.9991079309396246,0.11794091848272215
54,0.2828419195259408,0.27577585118681286
32,0.4577847661023193,0.508815242778282
1,0.32015914750765034,0.5211236012259309
82,0.3272768247906464,0.5047196143340179
31,0.7501384174593726,0.21613391536725646
10,0.943591036641226,0.6059052068243944
43,0.13843497826167797,0.5218385501695308
94,0.1262369644058376,0.05504030712571637
91,0.3877449445292021,0.6680391545776714
16,0.5004383005682862,0.42726275793397406
53,0.2909670409611522,0.6213335043266824
39,0.040199279905811694,0.46146351029619415
