NODE,X,Y
93,0.6693813052323911,0.17123949910419942
50,0.9792503140789319,0.4022344820112216
51,0.41758434780276316,0.7465253602524087
25,0.19472530802873883,0.4752681915420957
36,0.7581728313213761,0.8494477711581191
70,0.17830451922980578,0.6346758749388313
33,0.9308819900139724,0.0
46,0.3653928495599698,0.6163120170824515
42,0.22507102570963505,0.6396794059529799
79,0.5486204059058567,0.43398068746996743
41,0.7125142813741977,0.013293640537101388
72,0.6413951511099495,0.1955799559961796
95,0.5834359658184611,0.24809066080921266
18,0.17899505198630344,0.6691224284572271
16,0.7829100595689917,0.9023194695716411
32,0.0,0.4363798714863867
86,0.48632200847807067,0.6978443903398426
62,0.9871231259051193,0.1232901792172934
7,0.15932385699867996,0.4219010055650938
84,0.21257204095027615,0.2432172548547315
15,0.0062163998044352355,0.18426213960274782
78,0.5383248771186235,0.216551537572131
30,0.49849983703776013,0.7946128371245715
77,0.462341668430457,0.29411133832947084
14,0.1391051360898239,0.7214768962616002
56,0.7432197190063993,0.0007229959082268179
31,0.3649260927556106,0.3398828881803075
3,0.5253418848659697,0.7990588521380547
47,0.27512592354231763,0.07912971423405837
40,0.07784839344064125,0.29583016949534335
27,0.018763880540190427,0.19097949180987858
69,0.5762396934703378,0.12440299313938177
22,0.4037223896657102,0.4857526921364959
2,0.5524368160886779,0.49195485800421673
65,0.004083036839188127,0.3021039003495946
57,0.02678711093721508,0.3465658413690067
28,0.20852364100005555,0.7056240706424545
75,0.3840052615582133,0.7731061893425306
83,0.9645561579969489,0.33190388336752225
82,0.5261648811724359,0.7344673916643786
48,0.20338299113753772,0.48532681894638413
37,0.23621909244832118,0.7150228818064052
