NODE,X,Y
81,0.14684852884562313,0.231237994480702
35,0.5376545190429639,0.751489166096538
78,0.3064078800167032,0.9052637735273882
1,0.36180709780649095,0.15307191728108097
86,0.32071564981639455,0.836877596680907
34,0.31758697891816956,0.11633675103766582
95,0.4034666434314455,0.351390300904161
97,0.34369407598283835,0.6813638321830198
72,0.320796222905556,0.11809562223019836
26,0.7704219516059866,0.2556964275355263
77,0.6673315048311458,0.3190748572408021
85,0.14563504771650132,0.24677432503309643
51,0.5635304841142299,0.17521816241708332
17,0.966005678553541,0.8221862945270448
61,0.4334762159388411,0.5158585905369769
29,0.16663813281226741,0.4468970125702996
90,0.1200340844378546,0.6228823153995489
54,0.9991950067062463,0.5449340512754234
24,0.04941484614586673,0.0
60,0.21725637557401664,0.5287220090935002
55,0.8811633686001779,0.8884093937510604
62,0.9170738621131644,0.08438031863659316
46,0.551540645457418,0.8182908374009152
53,0.4302373218364371,0.5336885928549371
33,0.3493900088707301,0.4721091352787774
56,0.2989303947590746,0.5090669264891682
92,0.5500931306456702,0.06855726465723146
94,0.001964797674700714,0.195435729020078
42,0.8632607806299737,0.13034961034593495
99,0.9271150598007418,0.07602944791900779
88,0.8071263801591262,0.3478957248192332
19,0.6811988734623788,0.7393420859916191
96,0.9761848618272045,0.7317241359313562
93,0.8906903992149092,0.4289917098813204
13,0.20380626083923864,0.6172759746438898
98,0.113563396602882,0.22685349329536408
15,0.6908030869439229,0.16836692283696816
8,0.27897778812046803,0.08047405360779883
91,0.0,0.5556946517878402
84,0.579793789537725,0.6806119540878102
66,0.5496055835789442,0.8971910894007189
38,0.5552000226727234,0.9216017294350793
