NODE,X,Y
59,0.16329438739989813,0.2302718533521498
4,0.5222164921477276,0.6266821896135355
38,0.8456851810096823,0.0015299534472222542
11,0.42164769862384266,0.9091263041088515
67,0.4674374351874862,0.3750945390685173
26,0.9031567559156083,0.7293214427348118
57,0.35576662317660046,0.13179475773836216
88,0.9932578429438166,0.853663542839406
22,0.5575486178130673,0.6551767068024015
77,0.46496528893572237,0.9264934933181304
28,0.9471190276949191,0.0
52,0.3424476927582816,0.6963685770323769
96,0.23562185569904928,0.17281895345043408
68,0.3493563978784403,0.07717319132958542
33,0.041073347943555945,0.4526475564314331
90,0.5948644157452284,0.20524665278100285
3,0.24778405740090023,0.2954588387142989
21,0.35827743127373224,0.4576571181216479
80,0.9753227364064324,0.9335164546509209
8,0.14069939187592057,0.5955630571076319
65,0.4434722974512931,0.3197803865741277
79,0.9103140786386162,0.063128692026961
25,0.7234495390683366,0.23705833353783456
91,0.507365007099837,0.4335450611822604
24,0.41930465279568924,0.2025365242079907
13,0.7750933074205815,0.527185299968837
89,0.1252791844755561,0.7108956863151049
63,0.587910936704115,0.861892010832815
12,0.7921941090131889,0.21404516547425298
46,0.0,0.2166112933840569
94,0.6987635695420581,0.14102631411800953
53,0.4085724504750259,0.552676485272353
81,0.15592344597563776,0.3445662282599742
32,0.37649751409858795,0.8784265339218112
17,0.2281720170366268,0.628144321374069
74,0.1632241135107836,0.2501240838219172
71,0.23213321050347036,0.3920505162413957
30,0.8447935256373263,0.04485818237045695
48,0.6120001976538325,0.5813677072763358
5,0.4495598183183451,0.2623216072241192
41,0.18132141941677182,0.7210612723427596
76,0.39759794396731707,0.315487926552815
