NODE,X,Y
78,0.12100277961913834,0.40833135158817824
26,0.6661835263598608,0.2774712932197203
86,0.5893596424705191,0.3855591020467195
72,0.6151614644062338,0.5083193836477101
32,0.4577847661023193,0.508815242778282
24,0.21456755250284507,0.14472581352183872
96,0.5990125661696105,0.8689767632181846
18,0.2871436166364958,0.9454184519112961
60,0.3634617184001627,0.30481356985400593
62,0.9991079309396246,0.11794091848272215
5,0.22159739712508641,0.572935587240764
77,1.0,0.14928389387730395
76,0.38725578711778463,0.6046079452601351
34,0.9481145225786503,0.2549558724412548
15,0.8058592491219263,0.0
3,0.7932296824162833,0.3307373833981258
71,0.6814558214622315,0.8063773411975338
31,0.7501384174593726,0.21613391536725646
12,0.19829167906379824,0.30449836738306973
94,0.1262369644058376,0.05504030712571637
38,0.7946787823354494,0.0698971269639779
61,0.5320215893916521,0.6261451611338349
20,0.7506731463215085,0.9001845363702002
89,0.7442271212575576,0.9504746169612593
29,0.7427046501766951,0.4221381209857188
39,0.040199279905811694,0.46146351029619415
79,0.4618587844413717,0.17896540295065907
97,0.09726391149352026,0.4674823289049564
49,0.8224535493803764,0.06891017961499223
69,0.13045959323310258,0.7174492493080201
70,0.3294263598706154,0.7450564580194451
40,0.4733765961719364,0.7043460711669719
30,0.9165609829285829,0.5270119264817673
41,0.05660009399517322,0.16091890364335715
88,0.000670585128819171,0.2736788640886623
16,0.5004383005682862,0.42726275793397406
93,0.21317984523556543,0.23066252177078833
7,0.0,0.5478071689105914
1,0.32015914750765034,0.5211236012259309
95,0.7400758679237998,0.4548133827603588
19,0.3853589741689754,0.5918066199567061
92,0.43743363613270086,0.5880151434677726
