NODE,X,Y
96,0.5990125661696105,0.8689767632181846
66,0.2894668871288835,0.28515650998351405
73,0.1548597233192059,0.48997715425656346
20,0.7506731463215085,0.9001845363702002
1,0.32015914750765034,0.5211236012259309
60,0.3634617184001627,0.30481356985400593
13,0.45354938564945996,0.37267765750904813
30,0.9165609829285829,0.5270119264817673
84,0.6672337900881016,0.5802787418144418
25,0.1804751695821547,0.6440235285819412
51,0.4979153859414068,0.7533558703872982
49,0.8224535493803764,0.06891017961499223
3,0.7932296824162833,0.3307373833981258
6,0.7146237927520018,0.5986303581237756
57,0.7633687826946283,0.6979369260629105
90,0.5894095423633928,0.37164294514074664
21,0.24663569278699135,0.774256616501347
2,0.22197777952186018,0.21460665450058378
47,0.11637328243105713,0.44353069940942336
82,0.3272768247906464,0.5047196143340179
40,0.4733765961719364,0.7043460711669719
14,0.48077885177087437,0.61457992116763
54,0.2828419195259408,0.27577585118681286
79,0.4618587844413717,0.17896540295065907
44,0.29033114602323906,0.2724227793441988
55,0.1857689672099186,0.7308528180228918
63,0.7179042735254476,0.31025652939776993
94,0.1262369644058376,0.05504030712571637
26,0.6661835263598608,0.2774712932197203
7,0.0,0.5478071689105914
10,0.943591036641226,0.6059052068243944
35,0.39001250506282176,0.3353832224875148
75,0.27312533124194593,0.5543670784737141
37,0.10272851872053304,0.3295220696193757
83,0.20638960308848872,0.6321119916970296
16,0.5004383005682862,0.42726275793397406
58,0.8090509909608775,0.8096807189407261
65,0.6671868030970416,0.5958367208006238
27,0.9270339541042094,0.424316057485933
77,1.0,0.14928389387730395
72,0.6151614644062338,0.5083193836477101
71,0.6814558214622315,0.8063773411975338
