NODE,X,Y
12,0.24778405740090023,0.2954588387142989
91,0.19595830999507263,0.8179486126721377
18,0.9567534246471734,0.008542546629812596
82,0.11934636083134932,0.6391397034371119
90,0.15592344597563776,0.3445662282599742
22,0.7750933074205815,0.527185299968837
43,0.8356187392738036,0.8168396296967159
46,0.32383522594407377,0.03461341499328444
38,0.478612777553912,0.1952204644251382
1,0.8715902099763028,0.1554570782097501
96,0.2031502835845573,0.5708977536636264
81,0.8726507365301939,0.03975843303398605
9,0.581818679482248,0.8971710033111847
32,0.6938151047106718,0.10092382245943
51,0.336821460214938,0.12328672998194021
74,0.4434722974512931,0.3197803865741277
87,0.737616479759702,0.3652192717593326
84,0.6213792507317242,0.38981222255085507
31,0.5575486178130673,0.6551767068024015
85,0.39759794396731707,0.315487926552815
33,0.41930465279568924,0.2025365242079907
39,0.8447935256373263,0.04485818237045695
41,0.37649751409858795,0.8784265339218112
15,0.802394397200027,0.4464690296850196
45,0.6836752739001194,0.38668936329953696
60,0.7852291320209468,0.05234231630383644
100,0.507365007099837,0.4335450611822604
66,0.35576662317660046,0.13179475773836216
26,0.2281720170366268,0.628144321374069
3,0.10024265489947859,0.5852413159217749
6,0.13453709317523446,0.7309552598371905
30,0.35827743127373224,0.4576571181216479
78,0.3458462263205944,0.906657703140618
57,0.6120001976538325,0.5813677072763358
93,0.3781262512484185,0.8315183711605619
24,0.8004168651518369,0.7446004270062051
71,0.49737806369903204,0.9072581487229738
63,0.6747412034970661,0.16161823932490807
35,0.9031567559156083,0.7293214427348118
20,0.42164769862384266,0.9091263041088515
54,0.30654824996561314,0.5997763605649213
27,0.3885659472432082,0.4511287144281983
