NODE,X,Y
56,0.1831810464625521,0.6806866419134842
64,0.5416847746503204,0.573662066903105
73,0.6987083315572052,0.0019559926032206815
36,0.870767115531579,0.10187008023881086
2,0.8027911995774952,0.2959483433742821
55,0.23991631618971074,0.7534058766595638
67,0.2405429675801021,0.1543410589160635
57,0.6398450744795585,0.3935657294051506
75,0.7289362014124272,0.36175628123501496
98,0.48797427857139114,0.09306720034282828
26,0.5255199079654514,0.12210364677478718
59,0.3848303995439588,0.5980173552956953
50,0.5403327370628452,0.2554209435581189
60,0.92880851627641,0.10623364443237149
13,0.4434872686030294,0.5616443907417987
92,0.2561497940153435,0.5658690903668223
61,0.7199137772954163,0.29270461090991734
94,0.4258504048328187,0.6557705726749391
15,0.15729066252306814,0.4078464768354357
76,0.7109178931002363,0.6996917335439231
23,0.5953143564550515,0.5132354108777394
28,0.8845180908778766,0.25633385363881867
54,0.6556246401578132,0.2123152604854807
84,0.3907008725503544,0.4140237692398479
71,0.6669746666152675,0.8737553464361028
17,0.26537018318153766,0.2759964067874667
65,0.5387134965622842,0.2158401468578263
33,0.7652798643297671,0.5313517374817395
52,0.6232980809904318,0.21754664620275527
78,0.21893060886509813,0.47243351183681065
86,0.5263124451059361,0.3836534010785579
1,0.5270615056589786,0.6585716728355815
16,0.60741497679158,0.8791294271622718
95,0.45690845334606167,0.1978070255062719
3,0.9500280368892413,0.42461042441875035
51,0.30751383444170954,0.35415373407509737
53,0.4333745862758686,0.1600290969703967
11,0.5763058335250459,0.23860661560846108
8,0.4553442745197449,0.4177563481201156
9,0.4003488653415731,0.045858713257913124
96,0.04712718446594955,0.31478612317018706
45,0.3268418926664936,0.8079444779218149
