NODE,X,Y
32,0.2915284907339962,0.4999374202553277
82,0.8757619715161437,0.13976109836884706
55,0.2784471135824529,0.19813365988547982
76,0.1580551188887984,0.5442231020550359
73,0.5778186970868483,0.469450864379834
40,0.6231370405037683,0.2695325245610647
84,0.6600424676168749,0.6012327942865057
98,0.567100130447366,0.7410772566534286
4,0.6158175706601746,0.36180269616122596
9,0.5892050679928279,0.3206213148683029
77,0.1580551188887984,0.5442231020550359
70,0.8250308251915929,0.3320764935157077
88,0.7993362327873734,0.6346616071434674
71,0.6285291218617063,0.2982866410181895
65,0.6168442190860617,0.4256068728277387
11,0.5088496572136626,0.6580578964430972
41,0.25488158367856956,0.48902105774833876
64,0.6542241604900007,0.5459282330698932
23,0.6204503094176027,0.046492195249227694
95,1.0,0.09917135196343166
25,0.2766036174675372,0.26870715248237054
8,0.6036899170693631,0.3367378895632954
87,0.9126624161443841,0.01047953127474432
44,0.9939651292001656,0.14801926899828136
90,0.5483325255597318,0.7137416513832479
39,0.7044714299127321,0.7279229027720255
58,0.663474000329988,0.5411403013421459
33,0.49940563519903,0.32023950853804595
66,0.5101198249441962,0.455942323745306
27,0.7727607841901015,0.1886913301197066
80,0.5763971071068913,0.4841051112584062
47,0.35496195279436876,0.4230719053350245
19,0.18286668804517225,0.5115198074567937
97,0.32608155011672146,0.6227395524227014
21,0.4314047775175265,0.010415262607607176
3,0.3700921378839222,0.553754052241111
81,0.5867100155349321,0.5223032920465874
50,0.2766330805417159,0.23977730845053988
85,0.6812254995528868,0.4779895808988045
75,0.7684244254514604,0.6883890516985386
15,0.7472005179983979,0.5829279639953056
36,0.6995678955818108,0.6879947937845247
