NODE,X,Y
74,0.45980052205574967,0.4695539133168464
71,0.6779504248830975,0.3548872637953064
10,0.7189346575128378,0.20046773476525384
34,0.953228725460508,0.4012338856787772
30,0.37868805950268736,0.7156859439691912
32,0.681801959553431,0.5621230429750056
29,0.8070699122961462,0.10804629166640317
24,0.8683119142113056,0.06205700188936632
95,0.8057060889734848,0.35396022606859956
78,0.2752722550980922,0.3524530529929093
96,0.9593459051181132,0.4149993852316211
20,0.5627625009068931,0.572173454634843
40,0.7559480973747735,0.5185092854824125
5,0.7034360280402447,0.46888704204619613
73,0.47925077655371096,0.33437133007743736
35,0.33118509079623215,0.472314748621158
59,0.8100037394373943,0.23446836086713727
13,0.2744668140955852,0.2863043359903018
58,1.0,0.3590909768622098
19,0.40394159105269034,0.055646048467169924
88,0.7639222219328234,0.03638559468332273
62,0.45285487713631806,0.014791212807308005
31,0.3668617002175729,0.6871480822366457
90,0.30133867330144276,0.45042143265844004
97,0.6243535479969183,0.7599827696374456
21,0.5992795996793167,0.2796938291344324
50,0.5687038995534487,0.23296310940737838
94,0.24732143495711162,0.619872658018706
18,0.4271996925221237,0.14782917601026493
60,0.8169652446467756,0.44036271304645996
25,0.43880079973950786,0.46820971748096885
26,0.7068766530842804,0.5892471482046194
16,0.6834199562935677,0.23138940826604962
41,0.3524122028485718,0.15844665698014634
55,0.39857520277799763,0.6105094427221798
33,0.5276045051003021,0.7729920601614716
77,0.8054774054791499,0.7031587604445362
75,0.8851589900316181,0.7436642335537221
85,0.3905678253945207,0.4585102333738931
6,0.7381480742741351,0.39353529365591516
9,0.9674351514371532,0.32612008389997654
93,0.3316811118601699,0.5692849376749698
