NODE,X,Y
61,0.4334762159388411,0.5158585905369769
16,0.22930789930310874,0.5430483637271053
76,0.4449208132281791,0.8721524890819855
99,0.9271150598007418,0.07602944791900779
96,0.9761848618272045,0.7317241359313562
10,0.5991339093044205,0.7177462492831068
86,0.32071564981639455,0.836877596680907
55,0.8811633686001779,0.8884093937510604
43,0.37866640556862363,0.28323943903249643
38,0.5552000226727234,0.9216017294350793
84,0.579793789537725,0.6806119540878102
31,0.5291800734914877,0.8276308115720119
27,0.3100985168894168,0.5617402437460102
94,0.001964797674700714,0.195435729020078
72,0.320796222905556,0.11809562223019836
39,0.582097032401014,0.6808391151046207
19,0.6811988734623788,0.7393420859916191
12,0.5633215005212476,0.4678456089256646
100,0.6010576060632973,0.4177833914291786
7,0.3154752189908365,0.21876369517322972
60,0.21725637557401664,0.5287220090935002
21,0.6632169660628995,0.45956939212773823
13,0.20380626083923864,0.6172759746438898
35,0.5376545190429639,0.751489166096538
17,0.966005678553541,0.8221862945270448
18,0.8785297927076157,0.36506505059988376
91,0.0,0.5556946517878402
33,0.3493900088707301,0.4721091352787774
54,0.9991950067062463,0.5449340512754234
70,0.16202898827381088,0.3446083607678751
85,0.14563504771650132,0.24677432503309643
97,0.34369407598283835,0.6813638321830198
92,0.5500931306456702,0.06855726465723146
45,0.7049338690434237,0.4454203359712971
46,0.551540645457418,0.8182908374009152
29,0.16663813281226741,0.4468970125702996
82,0.43694725734781686,0.8051605567301535
65,0.4124451057471187,0.34264220002324036
23,0.9516464715098798,0.09736318692235618
44,0.18198678722502434,0.00902272665872849
93,0.8906903992149092,0.4289917098813204
58,0.41648375354841266,0.1800461918651498
