NODE,X,Y
47,0.6126249969879949,0.5731946424793767
84,0.991708749172992,0.023959608375952183
25,0.2390329654240313,0.4581555146269447
48,0.5561150943486209,0.8663755816026708
86,0.3844857299222127,0.5350192771700799
33,0.08757641627962262,0.24017234887763503
97,0.30560058750570884,0.5224358836708342
74,0.37657172086194357,0.016853408650637346
5,0.7601137006063005,0.12398295978154966
88,0.22567423130882444,0.26680473369155466
21,0.7282943268885603,0.4497565092588628
46,0.6318814802838204,0.5577781121800142
91,0.22846432365765507,0.5965489153181157
75,0.7596163383874932,0.7301932059634546
72,0.7914464777551431,0.5017582299815528
60,0.5577234150689944,0.5130467886876603
31,0.1601211014612505,0.4718102980763546
14,0.10091074856659107,0.036227359620227655
2,0.5396401267458686,0.7391684395896558
42,0.33442433567699614,0.001582749874024995
55,0.02602789506052768,0.3674203267075974
64,0.7011199706567963,0.7239253596245531
30,0.24147953473606673,0.09292726567063214
57,0.3758238869775236,0.7694507201853892
39,0.446337470539092,0.8550435297340816
58,0.8575514655490338,0.4035790861357645
66,0.5743521725575197,0.5611245247871356
22,0.8529650957548733,0.41214277974903907
19,0.9893549259205047,0.02046561689487607
87,0.8691478179603508,0.8473461500568419
50,0.0,0.521969935006039
54,0.904981047395294,0.7786415869945317
44,0.05784853781185491,0.37061888952852035
83,0.6330501652624717,0.4043657649691665
27,0.8299456123753955,0.9273465856798455
71,0.7835143971579878,0.26715801826518093
6,0.18956005272474374,0.4341711325582695
90,0.17423047018483978,0.4015921756814561
70,1.0,0.4091555611197258
63,0.5680710146093447,0.0
78,0.5068530476079451,0.47953149698411734
12,0.37923424315596616,0.33734550583717393
