NODE,X,Y
4,0.6158175706601746,0.36180269616122596
69,0.9060241296878343,0.6234255385679359
25,0.2766036174675372,0.26870715248237054
65,0.6168442190860617,0.4256068728277387
14,0.4737132694510142,0.19289436009171987
55,0.2784471135824529,0.19813365988547982
2,0.7138345275899957,0.3229103691570793
62,0.7670115362609825,0.31998988895170327
54,0.4090220821781915,0.5233905177154421
18,0.634123808690781,0.5380190378830296
59,0.5177270033730849,0.4227960132005725
61,0.39731322747372005,0.375361370554402
30,0.8748503316079819,0.7296164428284402
20,0.18286668804517225,0.5115198074567937
63,0.5394616484516295,0.515167849046898
28,0.5906323484457252,0.5692059444391979
1,0.7104761131667424,0.5509657794123016
15,0.7472005179983979,0.5829279639953056
51,0.5064978788119324,0.33731756595655166
23,0.6204503094176027,0.046492195249227694
58,0.663474000329988,0.5411403013421459
17,0.5119598875634629,0.4869856504753883
26,0.5639927433264261,0.33045119593060446
91,0.03001558212803845,0.04474214162735879
94,0.3184796735141286,0.25544528363685887
19,0.18286668804517225,0.5115198074567937
5,0.6990607256945522,0.5164730653441456
68,0.3808461835906777,0.5935666891591875
21,0.4314047775175265,0.010415262607607176
39,0.7044714299127321,0.7279229027720255
11,0.5088496572136626,0.6580578964430972
53,0.6843877965379775,0.3719226217461649
22,0.6204503094176027,0.046492195249227694
42,0.5233690529745094,0.44912184695809754
3,0.3700921378839222,0.553754052241111
92,0.8124728810872907,0.2778675064338496
97,0.32608155011672146,0.6227395524227014
29,0.7294930591941677,0.3634749037854016
52,0.7388569094976845,0.5166728474992154
100,0.35514893062327935,0.0
6,0.6108194121546803,0.36690945751158865
10,0.5892050679928279,0.3206213148683029
