NODE,X,Y
96,0.5092798395377593,0.8689604240941995
66,0.7500523491901813,0.39130185923798483
10,0.16643308034699508,0.6393532935206897
41,0.6433607347814242,0.7715638735596034
3,0.3346022713248622,0.7686636139712756
51,0.4756086093363141,0.10711426346761918
76,0.9390423379242422,0.2524668978221271
79,0.9832709441450188,0.537177557119638
1,0.4441894089475132,0.09270098635876742
99,0.44620158969232343,0.4138389666338535
50,0.37430922192607907,0.4391275086394753
49,0.3941035920055882,0.828762639481748
75,0.8024148843546751,0.8409945892766082
77,0.6032144714630687,0.5580060569163251
44,0.5983869306948713,0.5613696416978717
80,0.24727382069295795,0.8307523152949754
29,0.33460021028594816,0.5910583585903825
87,0.6097243757675157,0.39936656237927476
67,0.3588078231577181,0.23627395895447476
26,0.18934607274551443,0.32740483921738095
42,0.42975903948829464,0.26835289373391896
6,0.676492752567644,0.3202566501028324
60,0.2136671070075363,0.4472961088490391
35,0.435533287894132,0.16228827002438448
12,0.7551629073129206,0.8454663663981552
5,0.7909656960664303,0.20433691815500313
63,0.9139477878756332,0.3045676050565937
82,0.9624836163773323,0.8289748994443837
47,0.711871961381334,0.6217009646120637
71,0.19477251510728188,0.31685130068508743
84,0.6795547080409525,0.0
15,1.0,0.11569143443968022
39,0.5444743700730723,0.14424085721249996
90,0.8443406045164964,0.2897802376423116
100,0.26009116815811306,0.048838882698586016
25,0.6187148781454612,0.21288897439909238
9,0.8986643285568514,0.08991783982019481
11,0.20080692374991368,0.2978656274280176
70,0.7448390812140089,0.3313601699874676
62,0.2874940651792197,0.5615636036248293
72,0.31744565716580414,0.6421479546674596
64,0.0062453667887883155,0.43711786110685996
