NODE,X,Y
83,0.1632241135107836,0.2501240838219172
49,0.6413392792524165,0.7370567868770621
65,0.3477268054577562,0.38110421858815235
48,0.45548300758592375,0.6193092182702459
77,0.3493563978784403,0.07717319132958542
12,0.24778405740090023,0.2954588387142989
95,0.42669007888301286,0.009089239015408961
21,0.7921941090131889,0.21404516547425298
32,0.6938151047106718,0.10092382245943
33,0.41930465279568924,0.2025365242079907
9,0.581818679482248,0.8971710033111847
70,0.8811425462589564,0.08004622491416559
25,0.06463905521815774,0.25269572838929266
5,0.2346148552558434,0.6709419213961411
42,0.041073347943555945,0.4526475564314331
61,0.3424476927582816,0.6963685770323769
97,0.9932578429438166,0.853663542839406
89,0.9753227364064324,0.9335164546509209
41,0.37649751409858795,0.8784265339218112
1,0.8715902099763028,0.1554570782097501
22,0.7750933074205815,0.527185299968837
78,0.3458462263205944,0.906657703140618
47,0.8456851810096823,0.0015299534472222542
98,0.1252791844755561,0.7108956863151049
3,0.10024265489947859,0.5852413159217749
14,0.4495598183183451,0.2623216072241192
91,0.19595830999507263,0.8179486126721377
96,0.2031502835845573,0.5708977536636264
19,0.46831785290918093,0.7512946476613496
7,0.7969612347272494,0.41549742410413176
82,0.11934636083134932,0.6391397034371119
92,0.730486728143568,0.6871285083846133
18,0.9567534246471734,0.008542546629812596
24,0.8004168651518369,0.7446004270062051
51,0.336821460214938,0.12328672998194021
68,0.16329438739989813,0.2302718533521498
67,0.33765403002607375,0.6470495171742644
34,0.7234495390683366,0.23705833353783456
13,0.5222164921477276,0.6266821896135355
50,0.18132141941677182,0.7210612723427596
16,0.7079769939249403,0.6795257041659011
27,0.3885659472432082,0.4511287144281983
