NODE,X,Y
36,0.8976978641667676,0.08771587690475088
19,0.46831785290918093,0.7512946476613496
21,0.7921941090131889,0.21404516547425298
62,0.4085724504750259,0.552676485272353
12,0.24778405740090023,0.2954588387142989
55,0.0,0.2166112933840569
80,0.23213321050347036,0.3920505162413957
9,0.581818679482248,0.8971710033111847
95,0.42669007888301286,0.009089239015408961
52,0.45014035166959043,0.16633716633045276
60,0.7852291320209468,0.05234231630383644
27,0.3885659472432082,0.4511287144281983
40,0.2813240423475837,0.6470816025047298
78,0.3458462263205944,0.906657703140618
11,0.09924957658482172,0.295822342452513
100,0.507365007099837,0.4335450611822604
45,0.6836752739001194,0.38668936329953696
16,0.7079769939249403,0.6795257041659011
75,0.3312023627241051,0.5548680126399891
82,0.11934636083134932,0.6391397034371119
28,0.49462358084624136,0.6778437871856773
84,0.6213792507317242,0.38981222255085507
88,0.9103140786386162,0.063128692026961
81,0.8726507365301939,0.03975843303398605
25,0.06463905521815774,0.25269572838929266
76,0.4674374351874862,0.3750945390685173
67,0.33765403002607375,0.6470495171742644
22,0.7750933074205815,0.527185299968837
49,0.6413392792524165,0.7370567868770621
5,0.2346148552558434,0.6709419213961411
93,0.3781262512484185,0.8315183711605619
17,0.14069939187592057,0.5955630571076319
86,0.46496528893572237,0.9264934933181304
46,0.32383522594407377,0.03461341499328444
43,0.8356187392738036,0.8168396296967159
15,0.802394397200027,0.4464690296850196
38,0.478612777553912,0.1952204644251382
58,0.2087089402905828,0.3541627729971712
23,0.7403649600869433,0.17983648279995265
26,0.2281720170366268,0.628144321374069
8,0.9792275677752036,0.48790953700656786
90,0.15592344597563776,0.3445662282599742
