NODE,X,Y
22,0.28188774184308824,0.7372861012752203
54,0.4531502868042088,0.7983047173026161
8,0.5574549731938455,0.422812017310329
12,0.7551629073129206,0.8454663663981552
48,0.9795881688991628,0.36086685051907147
68,0.3241829645752439,0.4497295830809173
61,0.25981517893892797,0.5690239447980248
58,0.0,0.5088343047323075
32,0.04188800448876647,0.5121444923296231
17,0.4948201413486929,0.13119564802071043
77,0.6032144714630687,0.5580060569163251
14,0.7025376313202767,0.34506050337640615
43,0.9611541850275912,0.9131096849590178
31,0.7013239723459146,0.15690667865458485
53,0.9970388239081979,0.40101569915751595
25,0.6187148781454612,0.21288897439909238
74,0.6745819838890703,0.8894878894175102
67,0.3588078231577181,0.23627395895447476
46,0.21312937098993334,0.24849397296604905
99,0.44620158969232343,0.4138389666338535
11,0.20080692374991368,0.2978656274280176
94,0.8851627357466014,0.39178365267031584
3,0.3346022713248622,0.7686636139712756
81,0.7834821313359472,0.45291131261253303
63,0.9139477878756332,0.3045676050565937
6,0.676492752567644,0.3202566501028324
16,0.3989198848962582,0.8806714995880318
15,1.0,0.11569143443968022
83,0.36233737406338673,0.034847481033056814
44,0.5983869306948713,0.5613696416978717
92,0.2879029118411994,0.008024770307634217
45,0.8619602568749499,0.7572952471230202
20,0.5607357915678408,0.44913452694421413
10,0.16643308034699508,0.6393532935206897
47,0.711871961381334,0.6217009646120637
29,0.33460021028594816,0.5910583585903825
82,0.9624836163773323,0.8289748994443837
40,0.6977562163489196,0.13712674638775596
55,0.6009565352320024,0.04609999521649069
57,0.4623978110318647,0.3052765837971962
69,0.6188097605684281,0.29721666508110434
28,0.1703719673049899,0.05401733969815339
