NODE,X,Y
4,0.6953589367044932,0.1740516443656541
42,0.33442433567699614,0.001582749874024995
27,0.8299456123753955,0.9273465856798455
60,0.5577234150689944,0.5130467886876603
75,0.7596163383874932,0.7301932059634546
100,0.7310081790497394,0.041458486479994165
88,0.22567423130882444,0.26680473369155466
85,0.4066477454163768,0.3809894929013478
94,0.8753014580558821,0.8378457891495441
84,0.991708749172992,0.023959608375952183
82,0.5352789167604388,0.37740862904675126
28,0.17159507603914664,0.3209512507329915
68,0.78957860363732,0.6220927829009699
7,0.12208516011820564,0.383671742974209
74,0.37657172086194357,0.016853408650637346
46,0.6318814802838204,0.5577781121800142
58,0.8575514655490338,0.4035790861357645
29,0.957980044223139,0.3703070702667794
97,0.30560058750570884,0.5224358836708342
14,0.10091074856659107,0.036227359620227655
64,0.7011199706567963,0.7239253596245531
22,0.8529650957548733,0.41214277974903907
93,0.19106072223822598,0.044252878982660136
44,0.05784853781185491,0.37061888952852035
80,0.8571193074013275,0.29855445852414925
62,0.5085724527835401,0.2654429041427777
72,0.7914464777551431,0.5017582299815528
79,0.40625824411223604,0.23280399275832647
33,0.08757641627962262,0.24017234887763503
35,0.1579642550019836,0.1788889667399796
1,0.4408244055220708,0.926294468516288
61,0.3243575348456014,0.4153184556759135
36,0.4988967072830524,0.5936564081797456
18,0.1977561383722819,0.5796923888940425
26,0.5922627839185952,0.16345947854936427
54,0.904981047395294,0.7786415869945317
83,0.6330501652624717,0.4043657649691665
38,0.12675680475781012,0.633519486932471
12,0.37923424315596616,0.33734550583717393
34,0.6331500068693527,0.18373693077316972
98,0.4809502551561102,0.38102894272706084
45,0.8933226025831185,0.7877113487344587
