NODE,X,Y
52,0.7376911573491927,0.6353453044888226
88,0.7639222219328234,0.03638559468332273
94,0.24732143495711162,0.619872658018706
62,0.45285487713631806,0.014791212807308005
27,0.6249699985288015,0.12537238761501138
26,0.7068766530842804,0.5892471482046194
47,0.20908632734768276,0.17101910393192515
49,0.4070296584557708,0.3644997749741648
32,0.681801959553431,0.5621230429750056
65,0.650084947501367,0.5113355800418129
70,0.5921425403768927,0.3312286234353996
15,0.6575704431151373,0.2227089030965408
81,0.2900431447669221,0.03883806320354195
34,0.953228725460508,0.4012338856787772
90,0.30133867330144276,0.45042143265844004
93,0.3316811118601699,0.5692849376749698
98,0.27892483421306385,0.6478843798118088
7,0.841176962767482,0.31480414185799005
39,0.4795299498513979,0.26197746045008335
75,0.8851589900316181,0.7436642335537221
73,0.47925077655371096,0.33437133007743736
71,0.6779504248830975,0.3548872637953064
86,0.5444615749423153,0.3344059527926061
83,0.6946021050180279,0.5898556782092942
6,0.7381480742741351,0.39353529365591516
82,0.8905596660657297,0.7353263440003968
54,0.6264347630096804,0.4924649030694587
24,0.8683119142113056,0.06205700188936632
29,0.8070699122961462,0.10804629166640317
77,0.8054774054791499,0.7031587604445362
72,0.9927232729020425,0.02102789255365656
5,0.7034360280402447,0.46888704204619613
69,0.9453953778613401,0.6226490675625904
48,0.6118407128781901,0.4502699951619691
80,0.48140595514407614,0.3326164721146055
79,0.32287001319591385,0.5235547383529044
38,0.942729142784637,0.7444111753092645
66,0.5671948820970156,0.42085565992792956
56,0.8153259250203011,0.5459730389573585
41,0.3524122028485718,0.15844665698014634
51,0.6209221723039269,0.0
43,0.14520385928002405,0.32246249733327303
