NODE,X,Y
26,0.7704219516059866,0.2556964275355263
39,0.582097032401014,0.6808391151046207
61,0.4334762159388411,0.5158585905369769
60,0.21725637557401664,0.5287220090935002
14,0.7896714131667638,0.1579397623941798
90,0.1200340844378546,0.6228823153995489
8,0.27897778812046803,0.08047405360779883
65,0.4124451057471187,0.34264220002324036
94,0.001964797674700714,0.195435729020078
31,0.5291800734914877,0.8276308115720119
49,0.3177176319781392,0.26748393750624505
21,0.6632169660628995,0.45956939212773823
30,0.7372154014822613,0.34011050918282626
59,0.8823474086344267,0.34762018766227565
98,0.113563396602882,0.22685349329536408
83,0.44102248429810625,0.4709043753727302
12,0.5633215005212476,0.4678456089256646
88,0.8071263801591262,0.3478957248192332
50,0.9498054506422748,0.5314660237421898
9,0.18985844645006547,0.4243139072666613
16,0.22930789930310874,0.5430483637271053
66,0.5496055835789442,0.8971910894007189
92,0.5500931306456702,0.06855726465723146
32,0.21700147914497558,0.3586361452600346
47,0.2700523822422985,0.42986238132508725
57,0.4686043780031269,0.6098291918779488
24,0.04941484614586673,0.0
91,0.0,0.5556946517878402
75,0.32817852454450147,0.7851206493066556
36,0.3975905535797115,0.43791253843448924
44,0.18198678722502434,0.00902272665872849
84,0.579793789537725,0.6806119540878102
18,0.8785297927076157,0.36506505059988376
58,0.41648375354841266,0.1800461918651498
69,0.3645946625947643,0.8696853535072362
70,0.16202898827381088,0.3446083607678751
19,0.6811988734623788,0.7393420859916191
5,0.07375289910169854,0.31031975580638305
46,0.551540645457418,0.8182908374009152
67,0.4270104279051664,0.5680473931194503
72,0.320796222905556,0.11809562223019836
71,0.5772787474518999,0.4258639429288177
