NODE,X,Y
18,0.35030773357284445,0.07713432679726312
26,0.5255199079654514,0.12210364677478718
70,0.5451670946256824,0.40365988296293187
78,0.21893060886509813,0.47243351183681065
73,0.6987083315572052,0.0019559926032206815
60,0.92880851627641,0.10623364443237149
21,0.3185936930864273,0.3981929610505867
74,0.3149173792549676,0.2109226009937732
15,0.15729066252306814,0.4078464768354357
68,0.8525930087741935,0.4832970337780509
99,0.8250099256238397,0.6865220720581244
76,0.7109178931002363,0.6996917335439231
63,0.1699421011254707,0.2513490642578733
48,0.5092204722272816,0.25849453083941454
36,0.870767115531579,0.10187008023881086
67,0.2405429675801021,0.1543410589160635
29,0.0021138426671853815,0.13853318097051492
65,0.5387134965622842,0.2158401468578263
92,0.2561497940153435,0.5658690903668223
30,0.4843768558044347,0.18295226055020727
89,0.17319251842189995,0.35071080624367573
82,0.16482050931505832,0.6747103067779646
16,0.60741497679158,0.8791294271622718
97,0.2908637146613069,0.7724658579483636
23,0.5953143564550515,0.5132354108777394
31,0.8817567620242882,0.15043899979642905
62,0.5229033056331776,0.013906168403242415
24,0.007533157319720796,0.016488974217696
83,0.4540477837273312,0.41843685156448435
79,0.5971440562632566,0.3163927622536113
87,0.4307246735503085,0.719305489886884
44,0.5556221129673966,0.31038561804657977
49,0.9415431042593333,0.03708343803385406
95,0.45690845334606167,0.1978070255062719
33,0.7652798643297671,0.5313517374817395
55,0.23991631618971074,0.7534058766595638
80,0.43900843370874804,0.7119699237799563
32,1.0,0.22344963584899355
53,0.4333745862758686,0.1600290969703967
51,0.30751383444170954,0.35415373407509737
45,0.3268418926664936,0.8079444779218149
94,0.4258504048328187,0.6557705726749391
