NODE,X,Y
57,0.4623978110318647,0.3052765837971962
66,0.7500523491901813,0.39130185923798483
36,0.8243193842511557,0.0286214380961017
43,0.9611541850275912,0.9131096849590178
5,0.7909656960664303,0.20433691815500313
23,0.839114748107186,0.14075051604547903
79,0.9832709441450188,0.537177557119638
54,0.4531502868042088,0.7983047173026161
47,0.711871961381334,0.6217009646120637
39,0.5444743700730723,0.14424085721249996
37,0.4734797517286566,0.34083687950074176
62,0.2874940651792197,0.5615636036248293
63,0.9139477878756332,0.3045676050565937
77,0.6032144714630687,0.5580060569163251
26,0.18934607274551443,0.32740483921738095
59,0.3256067906510831,0.3508359856418818
24,0.3853859397800616,0.4924877117427039
9,0.8986643285568514,0.08991783982019481
80,0.24727382069295795,0.8307523152949754
67,0.3588078231577181,0.23627395895447476
16,0.3989198848962582,0.8806714995880318
13,0.8127296895759072,0.7558404218071014
68,0.3241829645752439,0.4497295830809173
90,0.8443406045164964,0.2897802376423116
87,0.6097243757675157,0.39936656237927476
22,0.28188774184308824,0.7372861012752203
93,0.5176651532926758,0.762671281410573
98,0.39035168737226905,0.06732172635102508
56,0.5245477524568326,0.07006165972750025
44,0.5983869306948713,0.5613696416978717
81,0.7834821313359472,0.45291131261253303
61,0.25981517893892797,0.5690239447980248
35,0.435533287894132,0.16228827002438448
20,0.5607357915678408,0.44913452694421413
6,0.676492752567644,0.3202566501028324
74,0.6745819838890703,0.8894878894175102
3,0.3346022713248622,0.7686636139712756
19,0.4757829294655403,0.8070740878777561
38,0.34714686641068,0.6181334369159647
41,0.6433607347814242,0.7715638735596034
73,0.8075401354738824,0.6680677045444371
30,0.5905020063249412,0.812228291294657
