NODE,X,Y
83,0.9645561579969489,0.33190388336752225
7,0.15932385699867996,0.4219010055650938
47,0.27512592354231763,0.07912971423405837
24,0.4935394697813147,0.5905273976490022
39,0.5587982248309219,0.05577962295039663
86,0.48632200847807067,0.6978443903398426
81,0.0026331014052649497,0.1768507309133249
98,0.5624033307978498,0.21851162441469538
13,0.3691197630334482,0.4398145081127072
41,0.7125142813741977,0.013293640537101388
28,0.20852364100005555,0.7056240706424545
91,0.09832208275338644,0.3255440979491496
80,0.39049258036297674,0.37923883973432826
35,0.5512606307072719,0.32869206002628987
79,0.5486204059058567,0.43398068746996743
51,0.41758434780276316,0.7465253602524087
67,0.12625480858130442,0.2503072250638096
87,0.9457225515110312,0.46282402163777414
4,0.8049364957828478,0.3187818306257518
8,0.38568472906785106,0.42913357025583726
42,0.22507102570963505,0.6396794059529799
5,0.3239036281034011,0.6706262136071343
55,0.2545365392185159,0.060399038516602783
65,0.004083036839188127,0.3021039003495946
19,0.5055078528796794,0.45105045010765826
94,0.7570280834202107,0.35583854468691656
48,0.20338299113753772,0.48532681894638413
21,0.7784986449457634,0.8181139817429232
20,0.3203941722432647,0.2841603062238952
77,0.462341668430457,0.29411133832947084
34,0.776964215780708,0.7233479534231947
2,0.5524368160886779,0.49195485800421673
74,0.004210949085594548,0.5089993598517558
11,0.5942751864064642,0.5881247255328746
69,0.5762396934703378,0.12440299313938177
89,0.7391137898580737,0.6860485748959316
75,0.3840052615582133,0.7731061893425306
100,0.8652346607517081,0.04838470119034351
63,0.047382483567792275,0.3411767927870967
18,0.17899505198630344,0.6691224284572271
9,0.8206751788729288,0.0815202304106566
52,0.14104899260665302,0.056486757433690485
