NODE,X,Y
66,0.7500523491901813,0.39130185923798483
88,0.13395365792089284,0.5884590152413828
5,0.7909656960664303,0.20433691815500313
67,0.3588078231577181,0.23627395895447476
57,0.4623978110318647,0.3052765837971962
81,0.7834821313359472,0.45291131261253303
16,0.3989198848962582,0.8806714995880318
64,0.0062453667887883155,0.43711786110685996
76,0.9390423379242422,0.2524668978221271
69,0.6188097605684281,0.29721666508110434
9,0.8986643285568514,0.08991783982019481
97,0.9360218144709049,0.5423643011796534
78,0.30625882971055546,0.7749761094985769
53,0.9970388239081979,0.40101569915751595
74,0.6745819838890703,0.8894878894175102
23,0.839114748107186,0.14075051604547903
11,0.20080692374991368,0.2978656274280176
49,0.3941035920055882,0.828762639481748
79,0.9832709441450188,0.537177557119638
43,0.9611541850275912,0.9131096849590178
82,0.9624836163773323,0.8289748994443837
34,0.45520482649410154,0.151063646029071
20,0.5607357915678408,0.44913452694421413
2,0.7858104336226714,0.6171647537262995
31,0.7013239723459146,0.15690667865458485
98,0.39035168737226905,0.06732172635102508
86,0.8904227884774055,0.8951000574335677
1,0.4441894089475132,0.09270098635876742
30,0.5905020063249412,0.812228291294657
54,0.4531502868042088,0.7983047173026161
3,0.3346022713248622,0.7686636139712756
37,0.4734797517286566,0.34083687950074176
92,0.2879029118411994,0.008024770307634217
89,0.5053581391379532,0.29411468936062046
13,0.8127296895759072,0.7558404218071014
91,0.46202937569821667,0.10067348744677851
99,0.44620158969232343,0.4138389666338535
60,0.2136671070075363,0.4472961088490391
14,0.7025376313202767,0.34506050337640615
58,0.0,0.5088343047323075
6,0.676492752567644,0.3202566501028324
17,0.4948201413486929,0.13119564802071043
