NODE,X,Y
56,0.5393116167128135,0.5357689647154165
51,0.336821460214938,0.12328672998194021
33,0.41930465279568924,0.2025365242079907
34,0.7234495390683366,0.23705833353783456
52,0.45014035166959043,0.16633716633045276
57,0.6120001976538325,0.5813677072763358
71,0.49737806369903204,0.9072581487229738
94,0.06782304672192932,0.3639880706891393
14,0.4495598183183451,0.2623216072241192
61,0.3424476927582816,0.6963685770323769
29,1.0,0.5338439668697376
54,0.30654824996561314,0.5997763605649213
82,0.11934636083134932,0.6391397034371119
15,0.802394397200027,0.4464690296850196
42,0.041073347943555945,0.4526475564314331
35,0.9031567559156083,0.7293214427348118
11,0.09924957658482172,0.295822342452513
70,0.8811425462589564,0.08004622491416559
62,0.4085724504750259,0.552676485272353
28,0.49462358084624136,0.6778437871856773
32,0.6938151047106718,0.10092382245943
84,0.6213792507317242,0.38981222255085507
59,0.7645093631617863,0.8248299398554596
4,0.5689165945304043,0.023325553262570048
31,0.5575486178130673,0.6551767068024015
96,0.2031502835845573,0.5708977536636264
60,0.7852291320209468,0.05234231630383644
75,0.3312023627241051,0.5548680126399891
64,0.8457605672953483,0.04026667710904733
73,0.6270906910574049,0.7077690397342048
86,0.46496528893572237,0.9264934933181304
89,0.9753227364064324,0.9335164546509209
66,0.35576662317660046,0.13179475773836216
41,0.37649751409858795,0.8784265339218112
83,0.1632241135107836,0.2501240838219172
76,0.4674374351874862,0.3750945390685173
53,0.6681368996246484,0.3194879235726591
2,0.19861894514211342,0.5299315001639531
77,0.3493563978784403,0.07717319132958542
47,0.8456851810096823,0.0015299534472222542
88,0.9103140786386162,0.063128692026961
63,0.6747412034970661,0.16161823932490807
