NODE,X,Y
44,0.8188601428587816,0.3190223832120542
21,0.2813445475764588,0.4055442131756212
50,0.548693916785692,0.4854925389876647
78,0.9453421262302658,0.15463607949465266
82,0.23384197510956384,0.2848749405431284
20,0.8491598483756366,0.2549254365417799
62,0.6972339096960369,0.4193806271665681
23,0.9571896800274532,0.4071978379181179
31,0.6452520208389698,0.1761408579673399
94,0.7083944673569479,0.6635270864985235
88,0.46133394554512347,0.14852968363115396
77,0.5816509100473831,0.24933421147803386
97,0.31537397601194633,0.33474396091846687
29,0.5303982076417476,0.669526697654121
98,1.0,0.09233764237690288
92,0.3437546423440556,0.241395035957672
65,0.5466145235443449,0.0824464016518999
34,0.8180861031188906,0.5004810011533993
25,0.9441770979142058,0.42675263549024295
74,0.2740645862452868,0.2630581083152905
80,0.6585563447415856,0.6479603595378169
26,0.9641328287131607,0.6870332491273244
61,0.448614759846445,0.3596194495945928
81,0.23207562215385538,0.43287539043870293
86,0.7013837653416833,0.5340092782903615
5,0.8287100738165706,0.3599083100312935
47,0.46109140331455206,0.7180747978012648
56,0.24856460220063267,0.25500187776539707
12,0.3340595947146865,0.0
14,0.6480244666814003,0.04642196470073744
37,0.4736291427199083,0.19700731247338713
38,0.9653733212636336,0.2638796967934275
4,0.2339740860418191,0.19327553481390375
24,0.9861842282241778,0.27365885018143377
70,0.32915305242204895,0.3339957982810188
41,0.7646411036170171,0.1902765003949872
3,0.3121431533678135,0.27382844005299384
69,0.45682363215076344,0.13413141945345847
42,0.9107656234621019,0.2285600702667045
75,0.46208990702469643,0.05238630895538863
10,0.671801994633321,0.2490919828115596
58,0.6521359848928219,0.08723076600276684
