NODE,X,Y
8,0.38568472906785106,0.42913357025583726
81,0.0026331014052649497,0.1768507309133249
94,0.7570280834202107,0.35583854468691656
60,0.3353668067592774,0.2869110406138738
85,0.5182444966009664,0.87551510581028
48,0.20338299113753772,0.48532681894638413
45,0.5920187621004678,0.28432351142425655
44,0.4367323128950855,0.16924813114797452
6,0.04379728818235052,0.3662688716576387
67,0.12625480858130442,0.2503072250638096
50,0.9792503140789319,0.4022344820112216
28,0.20852364100005555,0.7056240706424545
47,0.27512592354231763,0.07912971423405837
10,0.7853291760436429,0.7670126581806582
46,0.3653928495599698,0.6163120170824515
12,0.3297112770337699,0.4396930521551635
76,0.7419337799886753,0.2360049448433694
84,0.21257204095027615,0.2432172548547315
86,0.48632200847807067,0.6978443903398426
70,0.17830451922980578,0.6346758749388313
15,0.0062163998044352355,0.18426213960274782
100,0.8652346607517081,0.04838470119034351
32,0.0,0.4363798714863867
78,0.5383248771186235,0.216551537572131
17,0.9045302721614825,0.7121568056598012
55,0.2545365392185159,0.060399038516602783
54,0.14835726515313363,0.42195219133740675
75,0.3840052615582133,0.7731061893425306
73,0.387815353730498,0.7553350381169701
58,0.5108921876399634,0.6508068997899856
88,0.3803071438690769,0.6319113552375122
1,0.883674950701283,0.2916123112201356
35,0.5512606307072719,0.32869206002628987
53,0.7487995982946438,0.4414393708712204
69,0.5762396934703378,0.12440299313938177
34,0.776964215780708,0.7233479534231947
95,0.5834359658184611,0.24809066080921266
24,0.4935394697813147,0.5905273976490022
93,0.6693813052323911,0.17123949910419942
11,0.5942751864064642,0.5881247255328746
37,0.23621909244832118,0.7150228818064052
41,0.7125142813741977,0.013293640537101388
