NODE,X,Y
57,0.7633687826946283,0.6979369260629105
67,0.35035790737484274,0.17861306104596458
19,0.3853589741689754,0.5918066199567061
41,0.05660009399517322,0.16091890364335715
45,0.8436887145993345,0.7290032102075953
61,0.5320215893916521,0.6261451611338349
11,0.15509655220198665,0.7044286887611159
44,0.29033114602323906,0.2724227793441988
58,0.8090509909608775,0.8096807189407261
99,0.5401660079100683,0.5748576626007614
9,0.7759450260979907,0.9294634665407336
25,0.1804751695821547,0.6440235285819412
50,0.1993357277720871,0.31512791393561035
100,0.20132952314905828,0.5273126795797918
17,0.4075224057713101,0.38157722205198474
73,0.1548597233192059,0.48997715425656346
94,0.1262369644058376,0.05504030712571637
1,0.32015914750765034,0.5211236012259309
43,0.13843497826167797,0.5218385501695308
37,0.10272851872053304,0.3295220696193757
55,0.1857689672099186,0.7308528180228918
53,0.2909670409611522,0.6213335043266824
29,0.7427046501766951,0.4221381209857188
38,0.7946787823354494,0.0698971269639779
63,0.7179042735254476,0.31025652939776993
80,0.32155113110426153,0.06254767235696397
83,0.20638960308848872,0.6321119916970296
87,0.6110386759369577,0.5853673243234261
66,0.2894668871288835,0.28515650998351405
65,0.6671868030970416,0.5958367208006238
97,0.09726391149352026,0.4674823289049564
72,0.6151614644062338,0.5083193836477101
52,0.5927934067162987,0.8082174813487697
82,0.3272768247906464,0.5047196143340179
20,0.7506731463215085,0.9001845363702002
8,0.4787504819456255,0.20295517220081635
7,0.0,0.5478071689105914
62,0.9991079309396246,0.11794091848272215
5,0.22159739712508641,0.572935587240764
48,0.5456739477527377,0.8940884471762757
77,1.0,0.14928389387730395
35,0.39001250506282176,0.3353832224875148
