NODE,X,Y
60,0.21725637557401664,0.5287220090935002
99,0.9271150598007418,0.07602944791900779
51,0.5635304841142299,0.17521816241708332
27,0.3100985168894168,0.5617402437460102
40,0.27605461304975176,0.5606101159069765
44,0.18198678722502434,0.00902272665872849
59,0.8823474086344267,0.34762018766227565
80,0.2059610723012493,0.6937770468769493
29,0.16663813281226741,0.4468970125702996
61,0.4334762159388411,0.5158585905369769
86,0.32071564981639455,0.836877596680907
9,0.18985844645006547,0.4243139072666613
67,0.4270104279051664,0.5680473931194503
13,0.20380626083923864,0.6172759746438898
31,0.5291800734914877,0.8276308115720119
33,0.3493900088707301,0.4721091352787774
63,0.6531437208842497,0.7250401429299419
79,0.3587200268430253,0.25618930889789326
78,0.3064078800167032,0.9052637735273882
93,0.8906903992149092,0.4289917098813204
88,0.8071263801591262,0.3478957248192332
91,0.0,0.5556946517878402
69,0.3645946625947643,0.8696853535072362
35,0.5376545190429639,0.751489166096538
34,0.31758697891816956,0.11633675103766582
87,0.9277618798715429,0.5575653999180209
92,0.5500931306456702,0.06855726465723146
25,0.24133646572523443,0.3799911168122073
72,0.320796222905556,0.11809562223019836
89,0.40566957121948916,0.02553957161565968
24,0.04941484614586673,0.0
96,0.9761848618272045,0.7317241359313562
85,0.14563504771650132,0.24677432503309643
82,0.43694725734781686,0.8051605567301535
66,0.5496055835789442,0.8971910894007189
90,0.1200340844378546,0.6228823153995489
70,0.16202898827381088,0.3446083607678751
12,0.5633215005212476,0.4678456089256646
48,0.5773152285460157,0.05973894176534965
74,0.7293238549726924,0.3952704478781407
4,1.0,0.12913485846061168
71,0.5772787474518999,0.4258639429288177
