NODE,X,Y
85,0.5182444966009664,0.87551510581028
76,0.7419337799886753,0.2360049448433694
57,0.02678711093721508,0.3465658413690067
5,0.3239036281034011,0.6706262136071343
27,0.018763880540190427,0.19097949180987858
37,0.23621909244832118,0.7150228818064052
25,0.19472530802873883,0.4752681915420957
91,0.09832208275338644,0.3255440979491496
61,0.24148880238077913,0.5807806206286461
56,0.7432197190063993,0.0007229959082268179
17,0.9045302721614825,0.7121568056598012
96,0.2700636022403709,0.6042143556607555
2,0.5524368160886779,0.49195485800421673
66,0.7811488448402604,0.33161441060914404
89,0.7391137898580737,0.6860485748959316
77,0.462341668430457,0.29411133832947084
41,0.7125142813741977,0.013293640537101388
84,0.21257204095027615,0.2432172548547315
19,0.5055078528796794,0.45105045010765826
42,0.22507102570963505,0.6396794059529799
46,0.3653928495599698,0.6163120170824515
3,0.5253418848659697,0.7990588521380547
50,0.9792503140789319,0.4022344820112216
1,0.883674950701283,0.2916123112201356
34,0.776964215780708,0.7233479534231947
6,0.04379728818235052,0.3662688716576387
18,0.17899505198630344,0.6691224284572271
74,0.004210949085594548,0.5089993598517558
68,0.5628719717004234,0.4035612802833053
10,0.7853291760436429,0.7670126581806582
39,0.5587982248309219,0.05577962295039663
94,0.7570280834202107,0.35583854468691656
95,0.5834359658184611,0.24809066080921266
69,0.5762396934703378,0.12440299313938177
60,0.3353668067592774,0.2869110406138738
11,0.5942751864064642,0.5881247255328746
35,0.5512606307072719,0.32869206002628987
81,0.0026331014052649497,0.1768507309133249
87,0.9457225515110312,0.46282402163777414
63,0.047382483567792275,0.3411767927870967
24,0.4935394697813147,0.5905273976490022
78,0.5383248771186235,0.216551537572131
