NODE,X,Y
81,0.5867100155349321,0.5223032920465874
54,0.4090220821781915,0.5233905177154421
24,0.7798665935726259,0.31714687819013365
11,0.5088496572136626,0.6580578964430972
13,0.4737132694510142,0.19289436009171987
57,0.6244832498809301,0.20640860785872464
25,0.2766036174675372,0.26870715248237054
38,0.7193126758233619,0.22294053231337513
37,0.8098622960236643,0.6629808766045481
71,0.6285291218617063,0.2982866410181895
15,0.7472005179983979,0.5829279639953056
21,0.4314047775175265,0.010415262607607176
14,0.4737132694510142,0.19289436009171987
18,0.634123808690781,0.5380190378830296
77,0.1580551188887984,0.5442231020550359
22,0.6204503094176027,0.046492195249227694
4,0.6158175706601746,0.36180269616122596
19,0.18286668804517225,0.5115198074567937
75,0.7684244254514604,0.6883890516985386
5,0.6990607256945522,0.5164730653441456
83,0.7996002334605165,0.7404542852063742
39,0.7044714299127321,0.7279229027720255
17,0.5119598875634629,0.4869856504753883
52,0.7388569094976845,0.5166728474992154
20,0.18286668804517225,0.5115198074567937
79,0.5763971071068913,0.4841051112584062
55,0.2784471135824529,0.19813365988547982
23,0.6204503094176027,0.046492195249227694
51,0.5064978788119324,0.33731756595655166
82,0.8757619715161437,0.13976109836884706
53,0.6843877965379775,0.3719226217461649
56,0.8224292456170071,0.3869400231216436
73,0.5778186970868483,0.469450864379834
16,0.7472005179983979,0.5829279639953056
12,0.5088496572136626,0.6580578964430972
41,0.25488158367856956,0.48902105774833876
6,0.6108194121546803,0.36690945751158865
69,0.9060241296878343,0.6234255385679359
7,0.6036899170693631,0.3367378895632954
76,0.1580551188887984,0.5442231020550359
10,0.5892050679928279,0.3206213148683029
68,0.3808461835906777,0.5935666891591875
