NODE,X,Y
54,0.6264347630096804,0.4924649030694587
4,0.6246940164094217,0.6582517412885728
17,0.39309366796439416,0.032184910188375895
67,0.47890893492406217,0.20431791993302065
30,0.37868805950268736,0.7156859439691912
56,0.8153259250203011,0.5459730389573585
72,0.9927232729020425,0.02102789255365656
23,0.6518002863795801,0.23190529898054463
77,0.8054774054791499,0.7031587604445362
68,0.8746022971321827,0.26202310892368375
28,0.8964605203244778,0.3827123834815029
70,0.5921425403768927,0.3312286234353996
89,0.8686139329213294,0.13476148395703857
25,0.43880079973950786,0.46820971748096885
81,0.2900431447669221,0.03883806320354195
7,0.841176962767482,0.31480414185799005
93,0.3316811118601699,0.5692849376749698
61,0.4393966303026221,0.01693831770906612
96,0.9593459051181132,0.4149993852316211
29,0.8070699122961462,0.10804629166640317
43,0.14520385928002405,0.32246249733327303
42,0.9166076383811788,0.6833664128485134
94,0.24732143495711162,0.619872658018706
26,0.7068766530842804,0.5892471482046194
37,0.9496398711430941,0.31075202667605706
69,0.9453953778613401,0.6226490675625904
40,0.7559480973747735,0.5185092854824125
66,0.5671948820970156,0.42085565992792956
19,0.40394159105269034,0.055646048467169924
76,0.3204213186594508,0.2341583044614352
55,0.39857520277799763,0.6105094427221798
78,0.2752722550980922,0.3524530529929093
45,0.4521985487722305,0.6753001474611545
53,0.8646357942431077,0.05164333950169259
95,0.8057060889734848,0.35396022606859956
10,0.7189346575128378,0.20046773476525384
71,0.6779504248830975,0.3548872637953064
11,0.4567744150443052,0.46259254068065053
50,0.5687038995534487,0.23296310940737838
79,0.32287001319591385,0.5235547383529044
48,0.6118407128781901,0.4502699951619691
49,0.4070296584557708,0.3644997749741648
