NODE,X,Y
23,0.7403649600869433,0.17983648279995265
16,0.7079769939249403,0.6795257041659011
35,0.9031567559156083,0.7293214427348118
13,0.5222164921477276,0.6266821896135355
71,0.49737806369903204,0.9072581487229738
54,0.30654824996561314,0.5997763605649213
83,0.1632241135107836,0.2501240838219172
5,0.2346148552558434,0.6709419213961411
66,0.35576662317660046,0.13179475773836216
55,0.0,0.2166112933840569
64,0.8457605672953483,0.04026667710904733
68,0.16329438739989813,0.2302718533521498
33,0.41930465279568924,0.2025365242079907
94,0.06782304672192932,0.3639880706891393
74,0.4434722974512931,0.3197803865741277
76,0.4674374351874862,0.3750945390685173
6,0.13453709317523446,0.7309552598371905
15,0.802394397200027,0.4464690296850196
87,0.737616479759702,0.3652192717593326
96,0.2031502835845573,0.5708977536636264
56,0.5393116167128135,0.5357689647154165
29,1.0,0.5338439668697376
24,0.8004168651518369,0.7446004270062051
61,0.3424476927582816,0.6963685770323769
39,0.8447935256373263,0.04485818237045695
43,0.8356187392738036,0.8168396296967159
73,0.6270906910574049,0.7077690397342048
44,0.20192158288629738,0.41931314888557014
58,0.2087089402905828,0.3541627729971712
99,0.5948644157452284,0.20524665278100285
60,0.7852291320209468,0.05234231630383644
97,0.9932578429438166,0.853663542839406
12,0.24778405740090023,0.2954588387142989
62,0.4085724504750259,0.552676485272353
28,0.49462358084624136,0.6778437871856773
52,0.45014035166959043,0.16633716633045276
34,0.7234495390683366,0.23705833353783456
51,0.336821460214938,0.12328672998194021
79,0.9606378460089141,0.8855285220343736
38,0.478612777553912,0.1952204644251382
48,0.45548300758592375,0.6193092182702459
22,0.7750933074205815,0.527185299968837
