NODE,X,Y
34,0.8180861031188906,0.5004810011533993
27,0.9959685220050173,0.06773280247653204
97,0.31537397601194633,0.33474396091846687
16,0.5960421233862729,0.06791369489532417
54,0.9360702419899497,0.29568134862718976
48,0.429366303028564,0.10712154575769771
32,0.7352803345635176,0.1854595969424913
24,0.9861842282241778,0.27365885018143377
87,0.6150786560569752,0.37339059475282144
25,0.9441770979142058,0.42675263549024295
100,0.0,0.4379200864646803
33,0.5871230497631478,0.2047733150396954
31,0.6452520208389698,0.1761408579673399
70,0.32915305242204895,0.3339957982810188
71,0.6675736279667235,0.4579877313529824
94,0.7083944673569479,0.6635270864985235
7,0.4668482134962724,0.3879276638098538
89,0.4753432172217522,0.27183051453222673
83,0.5273078923519813,0.4881004865796508
96,0.35660561657891043,0.5475213267811742
2,0.7174750102000594,0.5137159486640326
30,0.4654030940502449,0.1344466021320266
99,0.38240475209129043,0.024755879657648094
47,0.46109140331455206,0.7180747978012648
65,0.5466145235443449,0.0824464016518999
21,0.2813445475764588,0.4055442131756212
95,0.48359147191341095,0.3659044654564035
51,0.483192256633432,0.09369543568186364
41,0.7646411036170171,0.1902765003949872
11,0.6169283058170068,0.2621587889039155
62,0.6972339096960369,0.4193806271665681
55,0.6357833508068511,0.47858389571774956
60,0.5453367969254729,0.1560699064394709
49,0.39873210472714105,0.30700965389874546
37,0.4736291427199083,0.19700731247338713
3,0.3121431533678135,0.27382844005299384
98,1.0,0.09233764237690288
20,0.8491598483756366,0.2549254365417799
39,0.31774598958666567,0.26914923304034083
29,0.5303982076417476,0.669526697654121
26,0.9641328287131607,0.6870332491273244
14,0.6480244666814003,0.04642196470073744
