NODE,X,Y
100,0.30467985057952846,0.446987309340432
46,0.0,0.2166112933840569
67,0.4674374351874862,0.3750945390685173
88,0.9932578429438166,0.853663542839406
62,0.49737806369903204,0.9072581487229738
44,0.6681368996246484,0.3194879235726591
30,0.8447935256373263,0.04485818237045695
29,0.478612777553912,0.1952204644251382
12,0.7921941090131889,0.21404516547425298
72,0.8726507365301939,0.03975843303398605
84,0.3781262512484185,0.8315183711605619
41,0.18132141941677182,0.7210612723427596
8,0.14069939187592057,0.5955630571076319
60,0.3318798944189319,0.10028576711631573
74,0.1632241135107836,0.2501240838219172
38,0.8456851810096823,0.0015299534472222542
68,0.3493563978784403,0.07717319132958542
75,0.6213792507317242,0.38981222255085507
65,0.4434722974512931,0.3197803865741277
6,0.802394397200027,0.4464690296850196
59,0.16329438739989813,0.2302718533521498
2,0.09924957658482172,0.295822342452513
79,0.9103140786386162,0.063128692026961
85,0.06782304672192932,0.3639880706891393
45,0.30654824996561314,0.5997763605649213
53,0.4085724504750259,0.552676485272353
56,0.3477268054577562,0.38110421858815235
42,0.336821460214938,0.12328672998194021
66,0.3312023627241051,0.5548680126399891
23,0.6938151047106718,0.10092382245943
43,0.45014035166959043,0.16633716633045276
73,0.11934636083134932,0.6391397034371119
63,0.587910936704115,0.861892010832815
32,0.37649751409858795,0.8784265339218112
26,0.9031567559156083,0.7293214427348118
22,0.5575486178130673,0.6551767068024015
35,0.20192158288629738,0.41931314888557014
80,0.9753227364064324,0.9335164546509209
20,1.0,0.5338439668697376
50,0.7645093631617863,0.8248299398554596
33,0.041073347943555945,0.4526475564314331
4,0.5222164921477276,0.6266821896135355
