NODE,X,Y
21,0.4314047775175265,0.010415262607607176
19,0.18286668804517225,0.5115198074567937
41,0.25488158367856956,0.48902105774833876
52,0.7388569094976845,0.5166728474992154
100,0.35514893062327935,0.0
12,0.5088496572136626,0.6580578964430972
73,0.5778186970868483,0.469450864379834
56,0.8224292456170071,0.3869400231216436
36,0.6995678955818108,0.6879947937845247
34,0.6183791135955253,0.5546834430546067
79,0.5763971071068913,0.4841051112584062
37,0.8098622960236643,0.6629808766045481
64,0.6542241604900007,0.5459282330698932
63,0.5394616484516295,0.515167849046898
35,0.3201863657928182,0.22045655898907154
24,0.7798665935726259,0.31714687819013365
57,0.6244832498809301,0.20640860785872464
7,0.6036899170693631,0.3367378895632954
26,0.5639927433264261,0.33045119593060446
3,0.3700921378839222,0.553754052241111
27,0.7727607841901015,0.1886913301197066
93,0.6071054278134489,0.08897192634232048
15,0.7472005179983979,0.5829279639953056
94,0.3184796735141286,0.25544528363685887
2,0.7138345275899957,0.3229103691570793
68,0.3808461835906777,0.5935666891591875
98,0.567100130447366,0.7410772566534286
23,0.6204503094176027,0.046492195249227694
29,0.7294930591941677,0.3634749037854016
1,0.7104761131667424,0.5509657794123016
39,0.7044714299127321,0.7279229027720255
40,0.6231370405037683,0.2695325245610647
10,0.5892050679928279,0.3206213148683029
14,0.4737132694510142,0.19289436009171987
30,0.8748503316079819,0.7296164428284402
28,0.5906323484457252,0.5692059444391979
33,0.49940563519903,0.32023950853804595
38,0.7193126758233619,0.22294053231337513
76,0.1580551188887984,0.5442231020550359
60,0.7100899983831759,0.39986092498753245
4,0.6158175706601746,0.36180269616122596
11,0.5088496572136626,0.6580578964430972
